Se 1.65272325 2.86303150 50.07780000
Se 3.30583066 0.00000000 50.07780000
Se 4.95721882 2.86205525 50.06200000
W 1.65732050 0.95685625 51.75200000
W 3.31398605 3.82625789 51.73620000
W 4.97063270 0.95687807 51.73620000
Se 1.66183273 2.87817693 53.41480000
Se 3.32349542 0.00010000 53.41480000
Se 4.98439296 2.87774062 53.39890000
Se 3.30413030 5.72330333 50.05410000
Se 4.95381811 8.57939204 50.01450000
W 80.37667500 6.69365794 51.72050000
W 82.03168742 9.55612769 51.68090000
W 4.96905830 6.69223994 51.70440000
Se 3.32270822 5.75422684 53.39110000
Se 4.98111821 8.62547734 53.35130000
W 83.68367386 12.41216186 51.62660000
Se 6.60857549 0.00000000 50.05410000
Se 8.25820032 2.86109537 50.03010000
Se 9.90691200 0.00042515 50.01450000
Se 11.55323059 2.85979735 49.98250000
W 8.28017894 0.95721076 51.70440000
W 6.62567347 3.82533618 51.71220000
W 9.93229133 3.82405452 51.67230000
W 11.58361651 0.95770161 51.65680000
Se 6.64462925 0.00044461 53.39110000
Se 8.30316518 2.87682437 53.36690000
Se 9.96047309 0.00103331 53.35130000
Se 11.61488410 2.87535727 53.31930000
Se 6.60687514 5.72128540 50.03010000
Se 8.25328819 8.57551978 49.98250000
Se 9.90455040 5.71839484 49.99000000
Se 11.54696448 8.57033860 49.93550000
W 8.27788032 6.68956753 51.67230000
W 6.62120218 9.55285536 51.65680000
W 9.92589926 9.54761964 51.61740000
W 11.58027878 6.68585889 51.62480000
Se 6.64299187 5.75237252 53.36690000
Se 8.29756032 8.62111423 53.31930000
Se 9.95785958 5.74915473 53.32700000
Se 11.60710656 8.61462412 53.27230000
Se 6.60029414 11.43062679 49.96000000
Se 8.24302310 14.27564412 49.89350000
Se 9.89579674 11.42451845 49.92140000
Se 11.53550285 14.26800869 49.85070000
W 8.26912666 12.40627167 51.59570000
W 85.33147238 15.26006975 51.56050000
W 9.91239091 15.25134354 51.52470000
W 11.56922650 12.39819992 51.55070000
Se 6.63530880 11.48920148 53.29670000
Se 8.28380006 14.34283594 53.23010000
Se 9.94655539 11.48118428 53.25800000
Se 11.58906394 14.33078286 53.18700000
Se 9.88307558 17.11482580 49.82020000
Se 11.52082944 19.94997160 49.74620000
W 86.97467366 18.09979681 51.48730000
W 88.61356109 20.93237929 51.41360000
W 11.55115238 18.08856181 51.44990000
Se 9.92586778 17.18528995 53.15640000
Se 11.56170086 20.01699980 53.08230000
W 90.24841805 23.75885342 51.34600000
Se 13.19936026 0.00071303 49.96000000
Se 14.84180582 2.85776305 49.92140000
Se 16.48456627 0.00084627 49.89350000
Se 18.12420941 2.85602871 49.85070000
W 14.87867827 0.95813792 51.59570000
W 13.23144653 3.82226019 51.61740000
W 16.52178509 3.82014409 51.55070000
W 18.16426214 0.95868876 51.52470000
Se 13.26759475 0.00176407 53.29670000
Se 14.91627494 2.87336660 53.25800000
Se 16.56316032 0.00256663 53.23010000
Se 18.20532250 2.87103780 53.18700000
Se 13.19561318 5.71479528 49.93550000
Se 14.83500442 8.56499379 49.87590000
Se 16.48122854 5.71092302 49.86960000
Se 18.11794330 8.55948537 49.80770000
W 14.87471078 6.68144125 51.56400000
W 13.22363750 9.54118406 51.56400000
W 16.51344077 9.53403947 51.50000000
W 18.16042061 6.67669637 51.49430000
Se 13.26403661 5.74473709 53.27230000
Se 14.90695450 8.60655237 53.21240000
Se 16.55897242 5.73939228 53.20600000
Se 18.19537229 8.59760801 53.14390000
Se 13.18641869 11.41770109 49.86960000
Se 14.82332237 14.25993694 49.79700000
Se 16.47168768 11.41088374 49.80770000
Se 18.10556851 14.25159250 49.73630000
W 14.86239898 12.38903740 51.49430000
W 13.20798797 15.24070847 51.47730000
W 16.49675213 15.22903716 51.42130000
W 18.14773094 12.37938403 51.43030000
Se 13.24996147 11.47076736 53.20600000
Se 14.88626688 14.31638462 53.13330000
Se 16.54341734 11.45882336 53.14390000
Se 18.17405491 14.30100467 53.07260000
Se 13.17275290 17.10604505 49.77610000
Se 14.80729498 19.93993646 49.70450000
Se 16.45745510 17.09660983 49.72410000
Se 18.08988749 19.92984677 49.65720000
W 14.84243558 18.07552704 51.40360000
W 13.18578893 20.91896274 51.37800000
W 16.47332506 20.90412818 51.33570000
W 18.12745267 18.06200141 51.35120000
Se 13.22511744 17.16931007 53.11240000
Se 14.85562906 19.99780214 53.04070000
Se 16.51684147 17.15153042 53.06040000
Se 18.14297626 19.97762278 52.99340000
Se 13.15584384 22.78162692 49.67810000
Se 14.78912640 25.60979175 49.62090000
Se 16.44016819 22.77088277 49.64150000
Se 18.07228570 25.59893852 49.59120000
W 14.81696179 23.74369163 51.31480000
W 91.87993728 26.58052813 51.28920000
W 16.44580454 26.56427556 51.26450000
W 18.10182144 23.72776629 51.27890000
Se 13.19230694 22.83976529 53.01430000
Se 14.81885107 25.65587705 52.95730000
Se 16.48192128 22.81833154 52.97770000
Se 18.10531661 25.63297075 52.92770000
Se 16.42159027 28.43593865 49.57820000
Se 18.05279462 31.26104931 49.55190000
W 93.50909491 29.39920321 51.24660000
W 95.13655219 32.21618759 51.22050000
W 18.07297843 29.38224164 51.22980000
Se 16.44259277 28.46735300 52.91470000
Se 18.06453965 31.27604748 52.88860000
W 96.76265549 35.03208119 51.21190000
Se 19.76341171 0.00158485 49.82020000
Se 21.40066176 2.85492703 49.77610000
Se 23.03759693 0.00232458 49.74620000
Se 24.67213901 2.85353629 49.70450000
W 21.44071450 0.95932686 51.44990000
W 19.80283469 3.81811524 51.47730000
W 23.07509914 3.81616821 51.40360000
W 24.70923187 0.95975227 51.37800000
Se 19.84581581 0.00341433 53.15640000
Se 21.48158592 2.86864900 53.11240000
Se 23.11609651 0.00423724 53.08230000
Se 24.74645069 2.86645654 53.04070000
Se 19.76111309 5.70743254 49.79700000
Se 21.39502541 8.55408603 49.73630000
Se 23.03482598 5.70426929 49.72410000
Se 24.66706944 8.54955931 49.66780000
W 21.43712486 6.67206057 51.42130000
W 19.79474227 9.52673127 51.43030000
W 23.06779392 9.51985938 51.36060000
W 24.70586266 6.66786108 51.35120000
Se 19.84147046 5.73372025 53.13330000
Se 21.47207654 8.58871818 53.07260000
Se 23.11206605 5.72826637 53.06040000
Se 24.73820083 8.58059189 53.00400000
Se 19.75172966 11.40368462 49.74050000
Se 21.38375270 14.24346622 49.67320000
Se 23.02707994 11.39713996 49.67320000
Se 24.65841024 14.23653979 49.61230000
W 21.42531686 12.36989428 51.36370000
W 19.77833702 15.21736585 51.36060000
W 23.05330944 15.20645809 51.29970000
W 24.69584947 12.36154984 51.29970000
Se 19.82600986 11.44655213 53.07660000
Se 21.45205018 14.28606103 53.00930000
Se 23.09814835 11.43498990 53.00930000
Se 24.72088243 14.27258995 52.94850000
Se 19.73768602 17.08755639 49.66780000
Se 21.36917376 19.92062971 49.60740000
Se 23.01508301 17.07915741 49.61110000
Se 24.64537421 19.91179443 49.55880000
W 21.40639258 18.04896663 51.29620000
W 19.75566566 20.88940270 51.28940000
W 23.03274778 20.87560438 51.24230000
W 24.67960166 18.03724079 51.24310000
Se 19.80009523 17.13358715 53.00400000
Se 21.42295526 19.95804334 52.94360000
Se 23.07481574 17.11689827 52.94720000
Se 24.69566054 19.94037277 52.89500000
Se 19.72169011 22.76068401 49.60090000
Se 21.35239066 25.58830346 49.55880000
Se 22.99965389 22.75108518 49.55930000
Se 24.62940979 25.57832285 49.52600000
W 21.38224128 23.71233181 51.24050000
W 19.72871194 26.54764123 51.23650000
W 23.00784077 26.53177043 51.20670000
W 24.65812685 23.69809718 51.20200000
Se 19.76602522 22.79662509 52.93730000
Se 21.38734234 25.61044621 52.89550000
Se 23.04398899 22.77617303 52.89570000
Se 24.66442445 25.58977600 52.86260000
Se 19.70323814 28.42459457 49.55660000
Se 21.33334042 31.24932346 49.53910000
Se 22.98230400 28.41357773 49.53300000
Se 24.61291008 31.23874293 49.52440000
W 21.35453184 29.36511645 51.21040000
W 19.69898726 32.19862609 51.21230000
W 22.98016282 32.18139182 51.20170000
W 24.63331430 29.34919112 51.18940000
Se 19.72698010 28.44368316 52.89330000
Se 21.34788787 31.25210494 52.87580000
Se 23.00802970 28.42094047 52.86970000
Se 24.62893747 31.22947133 52.86100000
Se 19.68295987 34.08506919 49.54310000
Se 21.31350298 36.90881638 49.55190000
Se 22.96394650 34.07361604 49.53910000
Se 24.59521382 36.89774500 49.55660000
W 21.32468122 35.01435607 51.21230000
W 98.38825498 37.84830202 51.22050000
W 22.95072154 37.83074052 51.22980000
W 24.60632909 34.99739450 51.21040000
Se 19.68554189 34.08354210 52.87990000
Se 21.30641818 36.89114580 52.88860000
Se 22.96882714 34.05965410 52.87580000
Se 24.59052211 36.86763957 52.89330000
Se 22.94458138 39.73403612 49.57820000
Se 24.57584870 42.56083748 49.62090000
W 100.01407488 40.66615902 51.24660000
W 101.64055603 43.48641572 51.28920000
W 24.57754906 40.64892475 51.26450000
Se 22.92786125 39.70016751 52.91470000
Se 24.55078426 42.51207978 52.95730000
W 103.26842266 46.31016291 51.34600000
Se 26.30737382 0.00248957 49.67810000
Se 27.94024704 2.85213464 49.64150000
Se 29.57327770 0.00287627 49.62090000
Se 31.20545818 2.85159471 49.59120000
W 27.97113677 0.96001405 51.31480000
W 26.34015283 3.81426480 51.33570000
W 29.59975910 3.81275408 51.27890000
W 31.22825549 0.96033038 51.26450000
Se 26.37598618 0.00496708 53.01430000
Se 28.00224691 2.86460222 52.97770000
Se 29.62806682 0.00557539 52.95730000
Se 31.25149363 2.86316785 52.92770000
Se 26.30469734 5.70137873 49.65720000
Se 27.93634253 8.54595975 49.60740000
Se 29.57217562 5.69914264 49.60090000
Se 31.20281318 8.54274196 49.55930000
W 27.96858624 6.66420698 51.28940000
W 26.33407565 9.51396919 51.29620000
W 29.59519334 9.50916977 51.24230000
W 31.22661811 6.66142550 51.24050000
Se 26.37261696 5.72346695 52.99340000
Se 27.99563443 8.57382908 52.94360000
Se 29.62545331 5.71959469 52.93730000
Se 31.24673894 8.56859336 52.89570000
Se 26.29852570 11.39206785 49.61110000
Se 27.92884838 14.23081321 49.55830000
Se 29.56679117 11.38765021 49.55880000
Se 31.19645261 14.22590472 49.51490000
W 27.96049382 12.35451433 51.24310000
W 26.32214170 15.19707741 51.24340000
W 29.58577843 15.18949652 51.19550000
W 31.22063539 12.34895137 51.19790000
Se 26.36106086 11.42495476 52.94720000
Se 27.98193715 14.26140949 52.89460000
Se 29.61669965 11.41688301 52.89500000
Se 31.23694618 14.25284690 52.85120000
Se 26.28866995 17.07168559 49.55830000
Se 27.91823693 19.90394084 49.51490000
Se 29.55841536 17.06557724 49.51310000
Se 31.18876954 19.89832334 49.47880000
W 27.94736333 18.02731472 51.19550000
W 26.30482330 20.86338769 51.19790000
W 29.57249050 20.85346162 51.15920000
W 31.21096858 18.01967929 51.15660000
Se 26.34169574 17.10233641 52.89460000
Se 27.96181632 19.92553821 52.85120000
Se 29.60205773 17.09077418 52.84950000
Se 31.22249318 19.91419413 52.81510000
Se 26.27500416 22.74192266 49.51950000
Se 27.90542131 25.56970572 49.49520000
Se 29.54859110 22.73461446 49.48460000
Se 31.17985843 25.56288837 49.46900000
W 27.93004493 23.68588048 51.16640000
W 26.28347443 26.51753580 51.17710000
W 29.55605376 26.50580995 51.15040000
W 31.19846784 23.67649981 51.13670000
Se 26.31587558 22.75822976 52.85590000
Se 27.93646848 25.57215997 52.83170000
Se 29.58228326 22.74372244 52.82100000
Se 31.20397824 25.55836165 52.80560000
Se 26.25988992 28.40408798 49.50910000
Se 27.89128320 31.22974403 49.50910000
Se 29.53672013 28.39596169 49.48700000
Se 31.16868019 31.22189044 49.49520000
W 27.90957773 29.33539280 51.16860000
W 26.25951206 32.16584826 51.18940000
W 29.53684608 32.15259533 51.17710000
W 31.18332211 29.32432142 51.15040000
Se 26.28517478 28.40048842 52.84570000
Se 27.90702720 31.20961920 52.84570000
Se 29.55825792 28.38352684 52.82350000
Se 31.18209408 31.19374841 52.83170000
Se 26.24427187 34.06347182 49.53300000
Se 27.87607450 36.88765532 49.55880000
Se 29.52321178 34.05463653 49.52600000
Se 31.15680922 36.87969265 49.55930000
W 27.88674893 34.98228725 51.20670000
W 26.23340851 37.81410618 51.23650000
W 29.51565466 37.79976248 51.24050000
W 31.16590925 34.96990694 51.20200000
Se 26.25078989 34.03751134 52.86970000
Se 27.87437414 36.84631490 52.89550000
Se 29.53080038 34.01858637 52.86260000
Se 31.15728154 36.82875340 52.89570000
Se 26.22682752 39.72301928 49.59120000
Se 27.85988966 42.55047511 49.64150000
Se 29.50948301 39.71369314 49.60090000
Se 31.14522163 42.54229428 49.65720000
W 27.86206234 40.63299942 51.27890000
W 26.20582502 43.46978139 51.31480000
W 29.49317222 43.45511044 51.33570000
W 31.14707942 40.61991010 51.28940000
Se 26.21382298 39.67737029 52.92770000
Se 27.83970586 42.49059149 52.97770000
Se 29.50057190 39.65735454 52.93730000
Se 31.13035930 42.47243006 52.99340000
Se 26.20847002 45.38938409 49.67810000
Se 27.84320102 48.22120302 49.74620000
Se 29.49515597 45.38005795 49.70450000
Se 31.13212262 48.21253135 49.77610000
W 27.83655706 46.29483751 51.37800000
W 104.89880832 49.13925491 51.41360000
W 29.47043789 49.12562020 51.44990000
W 31.12736794 46.28180273 51.40360000
Se 26.17632077 45.32873692 53.01430000
Se 27.80563584 48.15226596 53.08230000
Se 29.46920986 45.30926657 53.04070000
Se 31.10353152 48.13557708 53.11240000
Se 29.47966387 51.05711237 49.82020000
Se 31.11845683 53.89705758 49.89350000
W 106.53246874 51.97489156 51.48730000
W 108.17012813 54.81805457 51.56050000
W 31.10812877 51.96343841 51.52470000
Se 29.44005197 50.98484843 53.15640000
Se 31.08063974 53.82812052 53.23010000
W 109.81260518 57.66879847 51.62660000
Se 32.83694592 0.00356509 49.57820000
Se 34.46802432 2.85121839 49.55660000
Se 36.09941760 0.00362841 49.55190000
Se 37.72923648 2.85053666 49.53910000
W 34.48219392 0.96053762 51.22980000
W 32.85520896 3.81173965 51.23650000
W 36.10823424 3.81100883 51.21040000
W 37.73427456 0.96051581 51.21230000
Se 32.87473152 0.00603668 52.91470000
Se 34.49636352 2.86221342 52.89330000
Se 36.11799552 0.00632252 52.88860000
Se 37.73899776 2.86175529 52.87580000
Se 32.83631616 5.69756101 49.55880000
Se 34.46613504 8.54050586 49.52600000
Se 36.09815808 5.69647024 49.53300000
Se 37.72860672 8.53968778 49.50910000
W 34.48124928 6.65951665 51.20670000
W 32.85237504 9.50551567 51.20200000
W 36.10665984 9.50338866 51.17710000
W 37.73395968 6.65848041 51.18940000
Se 32.87284224 5.71675868 52.89550000
Se 34.49352960 8.56510287 52.86260000
Se 36.11736576 5.71506797 52.86970000
Se 37.73805312 8.56335763 52.84570000
Se 32.83253760 11.38383249 49.51950000
Se 34.46298624 14.22252331 49.48460000
Se 36.09658368 11.38192363 49.49520000
Se 37.72797696 14.22110531 49.46900000
W 34.47747072 12.34518820 51.16640000
W 32.84576256 15.18382448 51.15920000
W 36.10382592 15.18044308 51.13670000
W 37.73270016 12.34338842 51.15040000
Se 32.86717440 11.41110190 52.85590000
Se 34.48786176 14.24717486 52.82100000
Se 36.11453184 11.40761141 52.83170000
Se 37.73616384 14.24428430 52.80560000
Se 32.82686976 17.06110506 49.47880000
Se 34.45826304 19.89439654 49.45320000
Se 36.09437952 17.05821450 49.45730000
Se 37.72640256 19.89188776 49.44000000
W 34.47180288 18.01444356 51.12920000
W 32.83694592 20.84631704 51.12920000
W 36.09910272 20.84179031 51.11040000
W 37.73081088 18.01177116 51.11530000
Se 32.85741312 17.08237520 52.81510000
Se 34.47904512 19.90650416 52.78950000
Se 36.10949376 17.07735763 52.79370000
Se 37.73332992 19.90268644 52.77640000
Se 32.81994240 22.72954235 49.45730000
Se 34.45196544 25.55819803 49.45000000
Se 36.08997120 22.72599732 49.44000000
Se 37.72388352 25.55568924 49.44000000
W 34.46424576 23.67006423 51.11530000
W 32.82561024 26.49708374 51.12920000
W 36.09312000 26.49173894 51.11530000
W 37.72829184 23.66662828 51.10410000
Se 32.84418816 22.73308737 52.79370000
Se 34.46802432 25.54892643 52.78660000
Se 36.10288128 22.72665179 52.77640000
Se 37.72955136 25.54418155 52.77640000
Se 32.81175552 28.38952611 49.46900000
Se 34.44566784 31.21638202 49.48460000
Se 36.08556288 28.38576294 49.45730000
Se 37.72199424 31.21409139 49.47880000
W 34.45479936 29.31663144 51.13670000
W 32.81238528 32.14245111 51.16640000
W 36.08650752 32.13623368 51.15920000
W 37.72514304 29.31275919 51.12920000
Se 32.82781440 28.37087384 52.80560000
Se 34.45448448 31.18267703 52.82100000
Se 36.09469440 28.36312933 52.79370000
Se 37.72514304 31.17695045 52.81510000
Se 32.80230912 34.04771010 49.51950000
Se 34.43842560 36.87412969 49.55880000
Se 36.08178432 34.04361969 49.51490000
Se 37.71979008 36.87102098 49.55830000
W 34.44409344 34.96118073 51.19790000
W 32.79758592 37.78874563 51.24230000
W 36.07895040 37.78176467 51.24310000
W 37.72167936 34.95676308 51.19550000
Se 32.80860672 34.00418813 52.85590000
Se 34.43905536 36.81626401 52.89500000
Se 36.08493312 33.99513468 52.85120000
Se 37.71979008 36.80977389 52.89460000
Se 32.79286272 39.70698486 49.60740000
Se 34.43055360 42.53640409 49.66780000
Se 36.07643136 39.70229453 49.61110000
Se 37.71664128 42.53291361 49.67320000
W 34.43244288 40.61052943 51.29620000
W 32.78152704 43.44371183 51.35120000
W 36.07044864 43.43629455 51.36060000
W 37.71758592 40.60551186 51.29970000
Se 32.78719488 39.64164736 52.94360000
Se 34.42205184 42.45934074 53.00400000
Se 36.07391232 39.63172130 52.94720000
Se 37.71380736 42.45246885 53.00930000
Se 32.78278656 45.37264067 49.72410000
Se 34.42236672 48.20615031 49.79700000
Se 36.07044864 45.36784125 49.73630000
Se 37.71380736 48.20315067 49.80770000
W 34.41953280 46.27236751 51.42130000
W 32.76515328 49.11471244 51.47730000
W 36.06194688 49.10778601 51.49430000
W 37.71286272 46.26740448 51.43030000
Se 32.76483840 45.29372300 53.06040000
Se 34.40473344 48.12346946 53.13330000
Se 36.06194688 45.28379694 53.07260000
Se 37.70813952 48.11708842 53.14390000
Se 32.77113600 51.04947693 49.85070000
Se 34.41386496 53.89127647 49.92140000
Se 36.06509568 51.04489567 49.86960000
Se 37.71128832 53.88838591 49.93550000
W 34.40756736 51.95514851 51.55070000
W 32.75035392 54.80932836 51.59570000
W 36.05438976 54.80387447 51.61740000
W 37.70908416 51.95089448 51.56400000
Se 32.74374144 50.97170458 53.18700000
Se 34.39024896 53.81895800 53.25800000
Se 36.05092608 50.96330560 53.20600000
Se 37.70310144 53.81415858 53.27230000
Se 32.76105984 56.74218399 49.96000000
Se 34.40693760 59.59347328 50.01450000
Se 36.06005760 56.73836627 49.98250000
Se 37.70876928 59.59129173 50.03010000
W 34.39749120 57.66279920 51.65680000
W 111.45996288 60.52772320 51.68090000
W 36.04872192 60.52390548 51.70440000
W 37.70562048 57.66007226 51.67230000
Se 32.72768256 56.68273668 53.29670000
Se 34.38080256 59.54711529 53.35130000
Se 36.04273920 56.67728280 53.31930000
Se 37.69995264 59.54438835 53.36690000
Se 36.05564928 62.45021645 50.05410000
Se 37.70688000 65.31077734 50.07780000
W 113.11150848 63.39210180 51.72050000
W 114.76588800 66.26029813 51.74420000
W 37.70341632 63.39046564 51.73620000
Se 36.03801600 62.41912933 53.39110000
Se 37.69837824 65.29550648 53.41480000
W 77.06278656 0.95661083 51.75200000
Se 39.36000000 0.00340521 49.54310000
Se 40.99076352 2.85053666 49.53910000
Se 42.62058240 0.00362841 49.55190000
Se 44.25197568 2.85121839 49.55660000
W 40.98572544 0.96051581 51.21230000
W 39.36000000 3.81069251 51.20170000
W 42.61176576 3.81100883 51.21040000
W 44.23780608 0.96053762 51.22980000
Se 39.36000000 0.00641671 52.87990000
Se 40.98100224 2.86175529 52.87580000
Se 42.60200448 0.00632252 52.88860000
Se 44.22363648 2.86221342 52.89330000
Se 39.36000000 5.69603393 49.52440000
Se 40.99139328 8.53968778 49.50910000
Se 42.62184192 5.69647024 49.53300000
Se 44.25386496 8.54050586 49.52600000
W 40.98604032 6.65848041 51.18940000
W 39.36000000 9.50267965 51.16860000
W 42.61334016 9.50338866 51.17710000
W 44.23875072 6.65951665 51.20670000
Se 39.36000000 5.71452258 52.86100000
Se 40.98194688 8.56335763 52.84570000
Se 42.60263424 5.71506797 52.86970000
Se 44.22647040 8.56510287 52.86260000
Se 39.36000000 11.38159640 49.48700000
Se 40.99202304 14.22110531 49.46900000
Se 42.62341632 11.38192363 49.49520000
Se 44.25701376 14.22252331 49.48460000
W 40.98729984 12.34338842 51.15040000
W 39.36000000 15.17929776 51.12920000
W 42.61617408 15.18044308 51.13670000
W 44.24252928 12.34518820 51.16640000
Se 39.36000000 11.40646610 52.82350000
Se 40.98383616 14.24428430 52.80560000
Se 42.60546816 11.40761141 52.83170000
Se 44.23213824 14.24717486 52.82100000
Se 39.36000000 17.05717827 49.45000000
Se 40.99359744 19.89188776 49.44000000
Se 42.62562048 17.05821450 49.45730000
Se 44.26173696 19.89439654 49.45320000
W 40.98918912 18.01177116 51.11530000
W 39.36000000 20.84020869 51.10410000
W 42.62089728 20.84179031 51.11040000
W 44.24819712 18.01444356 51.12920000
Se 39.36000000 17.07566693 52.78660000
Se 40.98667008 19.90268644 52.77640000
Se 42.61050624 17.07735763 52.79370000
Se 44.24095488 19.90650416 52.78950000
Se 39.36000000 22.72452478 49.43410000
Se 40.99611648 25.55568924 49.44000000
Se 42.63002880 22.72599732 49.44000000
Se 44.26803456 25.55819803 49.45000000
W 40.99170816 23.66662828 51.10410000
W 39.36000000 26.48988462 51.11040000
W 42.62688000 26.49173894 51.11530000
W 44.25575424 23.67006423 51.11530000
Se 39.36000000 22.72452478 52.77050000
Se 40.99044864 25.54418155 52.77640000
Se 42.61711872 22.72665179 52.77640000
Se 44.25197568 25.54892643 52.78660000
Se 39.36000000 28.38472670 49.45320000
Se 40.99800576 31.21409139 49.47880000
Se 42.63443712 28.38576294 49.45730000
Se 44.27433216 31.21638202 49.48460000
W 40.99485696 29.31275919 51.12920000
W 39.36000000 32.13421575 51.15660000
W 42.63349248 32.13623368 51.15920000
W 44.26520064 29.31663144 51.13670000
Se 39.36000000 28.36045693 52.78950000
Se 40.99485696 31.17695045 52.81510000
Se 42.62530560 28.36312933 52.79370000
Se 44.26551552 31.18267703 52.82100000
Se 39.36000000 34.04236530 49.51310000
Se 41.00020992 36.87102098 49.55830000
Se 42.63821568 34.04361969 49.51490000
Se 44.28157440 36.87412969 49.55880000
W 40.99832064 34.95676308 51.19550000
W 39.36000000 37.77931042 51.24340000
W 42.64104960 37.78176467 51.24310000
W 44.27590656 34.96118073 51.19790000
Se 39.36000000 33.99202597 52.84950000
Se 41.00020992 36.80977389 52.89460000
Se 42.63506688 33.99513468 52.85120000
Se 44.28094464 36.81626401 52.89500000
Se 39.36000000 39.70044021 49.61230000
Se 41.00335872 42.53291361 49.67320000
Se 42.64356864 39.70229453 49.61110000
Se 44.28944640 42.53640409 49.66780000
W 41.00241408 40.60551186 51.29970000
W 39.36000000 43.43367669 51.36370000
W 42.64955136 43.43629455 51.36060000
W 44.28755712 40.61052943 51.29620000
Se 39.36000000 39.62828535 52.94850000
Se 41.00619264 42.45246885 53.00930000
Se 42.64608768 39.63172130 52.94720000
Se 44.29794816 42.45934074 53.00400000
Se 39.36000000 45.36620509 49.74050000
Se 41.00619264 48.20315067 49.80770000
Se 42.64955136 45.36784125 49.73630000
Se 44.29763328 48.20615031 49.79700000
W 41.00713728 46.26740448 51.43030000
W 39.36000000 49.10544084 51.50000000
W 42.65805312 49.10778601 51.49430000
W 44.30046720 46.27236751 51.42130000
Se 39.36000000 45.28041553 53.07660000
Se 41.01186048 48.11708842 53.14390000
Se 42.65805312 45.28379694 53.07260000
Se 44.31526656 48.12346946 53.13330000
Se 39.36000000 51.04353220 49.87590000
Se 41.00871168 53.88838591 49.93550000
Se 42.65490432 51.04489567 49.86960000
Se 44.30613504 53.89127647 49.92140000
W 41.01091584 51.95089448 51.56400000
W 39.36000000 54.80169292 51.62480000
W 42.66561024 54.80387447 51.61740000
W 44.31243264 51.95514851 51.55070000
Se 39.36000000 50.96046958 53.21240000
Se 41.01689856 53.81415858 53.27230000
Se 42.66907392 50.96330560 53.20600000
Se 44.32975104 53.81895800 53.25800000
Se 39.36000000 56.73673011 49.99000000
Se 41.01123072 59.59129173 50.03010000
Se 42.65994240 56.73836627 49.98250000
Se 44.31306240 59.59347328 50.01450000
W 41.01437952 57.66007226 51.67230000
W 39.36000000 60.52281470 51.71220000
W 42.67127808 60.52390548 51.70440000
W 44.32250880 57.66279920 51.65680000
Se 39.36000000 56.67510125 53.32700000
Se 41.02004736 59.54438835 53.36690000
Se 42.67726080 56.67728280 53.31930000
Se 44.33919744 59.54711529 53.35130000
Se 39.36000000 62.44967107 50.06200000
Se 41.01312000 65.31077734 50.07780000
Se 42.66435072 62.45021645 50.05410000
Se 44.31715584 65.31132273 50.06200000
W 41.01658368 63.39046564 51.73620000
W 39.36000000 66.25975274 51.75200000
W 42.67411200 66.26029813 51.74420000
W 44.32849152 63.39210180 51.72050000
Se 39.36000000 62.41803855 53.39890000
Se 41.02162176 65.29550648 53.41480000
Se 42.68198400 62.41912933 53.39110000
Se 44.34392064 65.29605186 53.39910000
Se -0.00000000 0.00000000 50.08570000
W 78.72000000 3.82644332 51.74420000
Se -0.00000000 0.00000000 53.42270000
Se 45.88305408 0.00356509 49.57820000
Se 47.51444736 2.85159471 49.59120000
Se 49.14678528 0.00287627 49.62090000
Se 50.77975296 2.85213464 49.64150000
W 47.49177600 0.96033038 51.26450000
W 45.86479104 3.81173965 51.23650000
W 49.12033536 3.81275408 51.27890000
W 50.74889472 0.96001405 51.31480000
Se 45.84526848 0.00603668 52.91470000
Se 47.46847488 2.86316785 52.92770000
Se 49.09199616 0.00557539 52.95730000
Se 50.71772160 2.86460222 52.97770000
Se 45.88368384 5.69756101 49.55880000
Se 47.51728128 8.54274196 49.55930000
Se 49.14772992 5.69914264 49.60090000
Se 50.78353152 8.54595975 49.60740000
W 47.49335040 6.66142550 51.24050000
W 45.86762496 9.50551567 51.20200000
W 49.12474368 9.50916977 51.24230000
W 50.75141376 6.66420698 51.28940000
Se 45.84715776 5.71675868 52.89550000
Se 47.47319808 8.56859336 52.89570000
Se 49.09451520 5.71959469 52.93730000
Se 50.72433408 8.57382908 52.94360000
Se 45.88746240 11.38383249 49.51950000
Se 47.52357888 14.22590472 49.51490000
Se 49.15308288 11.38765021 49.55880000
Se 50.79108864 14.23081321 49.55830000
W 47.49933312 12.34895137 51.19790000
W 45.87423744 15.18382448 51.15920000
W 49.13419008 15.18949652 51.19550000
W 50.75960064 12.35451433 51.24310000
Se 45.85282560 11.41110190 52.85590000
Se 47.48295936 14.25284690 52.85120000
Se 49.10333184 11.41688301 52.89500000
Se 50.73818880 14.26140949 52.89460000
Se 45.89313024 17.06110506 49.47880000
Se 47.53113600 19.89832334 49.47880000
Se 49.16158464 17.06557724 49.51310000
Se 50.80179456 19.90394084 49.51490000
W 47.50909440 18.01967929 51.15660000
W 45.88305408 20.84631704 51.12920000
W 49.14741504 20.85346162 51.15920000
W 50.77251072 18.02731472 51.19550000
Se 45.86258688 17.08237520 52.81510000
Se 47.49744384 19.91419413 52.81510000
Se 49.11781632 17.09077418 52.84950000
Se 50.75834112 19.92553821 52.85120000
Se 45.90005760 22.72954235 49.45730000
Se 47.54026752 25.56288837 49.46900000
Se 49.17134592 22.73461446 49.48460000
Se 50.81470464 25.56970572 49.49520000
W 47.52168960 23.67649981 51.13670000
W 45.89438976 26.49708374 51.12920000
W 49.16410368 26.50580995 51.15040000
W 50.78982912 23.68588048 51.16640000
Se 45.87581184 22.73308737 52.79370000
Se 47.51602176 25.55836165 52.80560000
Se 49.13765376 22.74372244 52.82100000
Se 50.78353152 25.57215997 52.83170000
Se 45.90824448 28.38952611 49.46900000
Se 47.55128832 31.22189044 49.49520000
Se 49.18331136 28.39596169 49.48700000
Se 50.82887424 31.22974403 49.50910000
W 47.53680384 29.32432142 51.15040000
W 45.90761472 32.14245111 51.16640000
W 49.18299648 32.15259533 51.17710000
W 50.81029632 29.33539280 51.16860000
Se 45.89218560 28.37087384 52.80560000
Se 47.53806336 31.19374841 52.83170000
Se 49.16158464 28.38352684 52.82350000
Se 50.81281536 31.20961920 52.84570000
Se 45.91769088 34.04771010 49.51950000
Se 47.56325376 36.87969265 49.55930000
Se 49.19685120 34.05463653 49.52600000
Se 50.84398848 36.88765532 49.55880000
W 47.55412224 34.96990694 51.20200000
W 45.92241408 37.78874563 51.24230000
W 49.20440832 37.79976248 51.24050000
W 50.83328256 34.98228725 51.20670000
Se 45.91139328 34.00418813 52.85590000
Se 47.56262400 36.82875340 52.89570000
Se 49.18929408 34.01858637 52.86260000
Se 50.84556288 36.84631490 52.89550000
Se 45.92713728 39.70698486 49.60740000
Se 47.57490432 42.54229428 49.65720000
Se 49.21039104 39.71369314 49.60090000
Se 50.86004736 42.55047511 49.64150000
W 47.57301504 40.61991010 51.28940000
W 45.93847296 43.44371183 51.35120000
W 49.22676480 43.45511044 51.33570000
W 50.85784320 40.63299942 51.27890000
Se 45.93280512 39.64164736 52.94360000
Se 47.58970368 42.47243006 52.99340000
Se 49.21952256 39.65735454 52.93730000
Se 50.88019968 42.49059149 52.97770000
Se 45.93721344 45.37264067 49.72410000
Se 47.58781440 48.21253135 49.77610000
Se 49.22487552 45.38005795 49.70450000
Se 50.87673600 48.22120302 49.74620000
W 47.59253760 46.28180273 51.40360000
W 45.95484672 49.11471244 51.47730000
W 49.24943616 49.12562020 51.44990000
W 50.88334848 46.29483751 51.37800000
Se 45.95516160 45.29372300 53.06040000
Se 47.61646848 48.13557708 53.11240000
Se 49.25069568 45.30926657 53.04070000
Se 50.91452160 48.15226596 53.08230000
Se 45.94886400 51.04947693 49.85070000
Se 47.60166912 53.89705758 49.89350000
Se 49.24030464 51.05711237 49.82020000
Se 50.89279488 53.90474756 49.85330000
W 47.61174528 51.96343841 51.52470000
W 45.96964608 54.80932836 51.59570000
W 49.26990336 54.81805457 51.56050000
W 50.90759424 51.97489156 51.48730000
Se 45.97625856 50.97170458 53.18700000
Se 47.63945472 53.82812052 53.23010000
Se 49.27997952 50.98484843 53.15640000
Se 50.94349056 53.84093714 53.18980000
Se 45.95894016 56.74218399 49.96000000
Se 47.61174528 59.59729100 49.98370000
Se 49.25415936 56.74818326 49.92320000
Se 50.90570496 59.60274488 49.93850000
W 47.62748928 57.66879847 51.62660000
W 45.98003712 60.52772320 51.68090000
W 49.28438784 60.53263169 51.64240000
W 50.92711680 57.67697929 51.58260000
Se 45.99231744 56.68273668 53.29670000
Se 47.65488384 59.55202378 53.32040000
Se 49.30233600 56.69146289 53.25990000
Se 50.96364288 59.55965921 53.27510000
Se 45.96586752 62.45294339 50.03050000
Se 47.61741312 65.31295890 50.03050000
Se 49.26329088 62.45567034 49.99170000
Se 50.91294720 65.31514045 49.98370000
W 47.63662080 63.39482874 51.68900000
W 45.98507520 66.26138890 51.72050000
W 49.29163008 66.26357046 51.68090000
W 50.93939712 63.39919185 51.64240000
Se 46.00144896 62.42131088 53.36750000
Se 47.66212608 65.29768803 53.36750000
Se 49.31556096 62.42567399 53.32840000
Se 50.97371904 65.30096036 53.32040000
Se 52.41272064 0.00248957 49.67810000
Se 54.04789248 2.85353629 49.70450000
Se 55.68243456 0.00232458 49.74620000
Se 57.31949568 2.85492703 49.77610000
W 54.01073664 0.95975227 51.37800000
W 52.37997312 3.81426480 51.33570000
W 55.64496384 3.81616821 51.40360000
W 57.27919104 0.95932686 51.44990000
Se 52.34407680 0.00496708 53.01430000
Se 53.97358080 2.86645654 53.04070000
Se 55.60402944 0.00423724 53.08230000
Se 57.23825664 2.86864900 53.11240000
Se 52.41523968 5.70137873 49.65720000
Se 54.05293056 8.54955931 49.66780000
Se 55.68526848 5.70426929 49.72410000
Se 57.32484864 8.55408603 49.73630000
W 54.01420032 6.66786108 51.35120000
W 52.38595584 9.51396919 51.29620000
W 55.65220608 9.51985938 51.36060000
W 57.28296960 6.67206057 51.42130000
Se 52.34754048 5.72346695 52.99340000
Se 53.98176768 8.58059189 53.00400000
Se 55.60780800 5.72826637 53.06040000
Se 57.24801792 8.58871818 53.07260000
Se 52.42153728 11.39206785 49.61110000
Se 54.06143232 14.23653979 49.61230000
Se 55.69282560 11.39713996 49.67320000
Se 57.33618432 14.24346622 49.67320000
W 54.02427648 12.36154984 51.29970000
W 52.39792128 15.19707741 51.24340000
W 55.66669056 15.20645809 51.29970000
W 57.29462016 12.36989428 51.36370000
Se 52.35887616 11.42495476 52.94720000
Se 53.99908608 14.27258995 52.94850000
Se 55.62197760 11.43498990 53.00930000
Se 57.26785536 14.28606103 53.00930000
Se 52.43129856 17.07168559 49.55830000
Se 54.07465728 19.91179443 49.55880000
Se 55.70479104 17.07915741 49.61110000
Se 57.35066880 19.92062971 49.60740000
W 54.04033536 18.03724079 51.24310000
W 52.41523968 20.86338769 51.19790000
W 55.68715776 20.87560438 51.24230000
W 57.31351296 18.04896663 51.29620000
Se 52.37839872 17.10233641 52.89460000
Se 54.02427648 19.94037277 52.89500000
Se 55.64527872 17.11689827 52.94720000
Se 57.29713920 19.95804334 52.94360000
Se 52.44483840 22.74192266 49.51950000
Se 54.09071616 25.57832285 49.52600000
Se 55.72022016 22.75108518 49.55930000
Se 57.36767232 25.58830346 49.55880000
W 54.06174720 23.69809718 51.20200000
W 52.43665152 26.51753580 51.17710000
W 55.71203328 26.53177043 51.20670000
W 57.33775872 23.71233181 51.24050000
Se 52.40421888 22.75822976 52.85590000
Se 54.05544960 25.58977600 52.86260000
Se 55.67613696 22.77617303 52.89570000
Se 57.33272064 25.61044621 52.89550000
Se 52.45995264 28.40408798 49.50910000
Se 54.10708992 31.23874293 49.52440000
Se 55.73753856 28.41357773 49.53300000
Se 57.38656512 31.24932346 49.53910000
W 54.08662272 29.34919112 51.18940000
W 52.46058240 32.16584826 51.18940000
W 55.73974272 32.18139182 51.20170000
W 57.36546816 29.36511645 51.21040000
Se 52.43476224 28.40048842 52.84570000
Se 54.09103104 31.22947133 52.86100000
Se 55.71203328 28.42094047 52.86970000
Se 57.37208064 31.25210494 52.87580000
Se 52.47569664 34.06347182 49.53300000
Se 54.12472320 36.89774500 49.55660000
Se 55.75611648 34.07361604 49.53910000
Se 57.40640256 36.90881638 49.55190000
W 54.11370240 34.99739450 51.21040000
W 52.48671744 37.81410618 51.23650000
W 55.76934144 37.83074052 51.22980000
W 57.39538176 35.01435607 51.21230000
Se 52.46908416 34.03751134 52.86970000
Se 54.12944640 36.86763957 52.89330000
Se 55.75107840 34.05965410 52.87580000
Se 57.41364480 36.89114580 52.88860000
Se 52.49332992 39.72301928 49.59120000
Se 54.14424576 42.56083748 49.62090000
Se 55.77532416 39.73403612 49.57820000
Se 57.42592512 42.57185432 49.59640000
W 54.14235648 40.64892475 51.26450000
W 52.51411200 43.46978139 51.31480000
W 55.79956992 43.48641572 51.28920000
W 57.42592512 40.66615902 51.24660000
Se 52.50624000 39.67737029 52.92770000
Se 54.16912128 42.51207978 52.95730000
Se 55.79201280 39.70016751 52.91470000
Se 57.45520896 42.53520424 52.93290000
Se 52.51159296 45.38938409 49.67810000
Se 54.16282368 48.23069277 49.70880000
Se 55.79516160 45.39985554 49.64620000
Se 57.44544768 48.24094607 49.66610000
W 54.17164032 46.31016291 51.34600000
W 52.54119168 49.13925491 51.41360000
W 55.82853888 49.15436216 51.37070000
W 57.45615360 46.32657910 51.30910000
Se 52.54371072 45.32873692 53.01430000
Se 54.20753664 48.17189993 53.04500000
Se 55.83294720 45.35055245 52.98260000
Se 57.49488384 48.19278830 53.00230000
Se 52.52859648 51.06589312 49.77980000
Se 54.17982720 53.91325561 49.80330000
Se 55.81373952 51.07521925 49.73200000
Se 57.46308096 53.92214544 49.74630000
W 54.19840512 51.98814449 51.44070000
W 52.56480768 54.82896233 51.51350000
W 55.85372928 54.84096087 51.45750000
W 57.48354816 52.00232458 51.38790000
Se 52.57834752 51.00142823 53.11590000
Se 54.24028416 53.85626255 53.13940000
Se 55.86978816 51.01997143 53.06800000
Se 57.52826112 53.87267873 53.08230000
Se 52.54402560 56.75527331 49.87400000
Se 54.19399680 59.60928954 49.88110000
Se 55.82948352 56.76290874 49.81530000
Se 57.47630592 59.61583420 49.81530000
W 54.21981696 57.68679628 51.52680000
W 52.58212608 60.53972174 51.59000000
W 55.87167744 60.54790256 51.52680000
W 57.50558976 57.69715865 51.46320000
Se 52.60511232 56.70291604 53.21050000
Se 54.26327040 59.56893081 53.21750000
Se 55.89875712 56.71600536 53.15140000
Se 57.55187712 59.57929319 53.15140000
Se 52.55536128 62.46003344 49.93850000
Se 54.20186880 65.31786739 49.92320000
Se 55.84050432 62.46494193 49.87400000
Se 57.48354816 65.32004894 49.85330000
W 54.23398656 63.40464573 51.58260000
W 52.59094272 66.26629740 51.62660000
W 55.88143872 66.26902434 51.56050000
W 57.51944448 63.41009961 51.51350000
Se 52.62148608 62.43112787 53.27510000
Se 54.27492096 65.30423269 53.25990000
Se 55.91639040 62.43821791 53.21050000
Se 57.56415744 65.30805040 53.18980000
Se 58.95655680 0.00158485 49.82020000
Se 60.59582208 2.85602871 49.85070000
Se 62.23540224 0.00084627 49.89350000
Se 63.87813120 2.85776305 49.92140000
W 60.55583232 0.95868876 51.52470000
W 58.91719680 3.81811524 51.47730000
W 62.19824640 3.82014409 51.55070000
W 63.84129024 0.95813792 51.59570000
Se 58.87405824 0.00341433 53.15640000
Se 60.51458304 2.87103780 53.18700000
Se 62.15699712 0.00256663 53.23010000
Se 63.80381952 2.87336660 53.25800000
Se 58.95876096 5.70743254 49.79700000
Se 60.60211968 8.55948537 49.80770000
Se 62.23886592 5.71092302 49.86960000
Se 63.88505856 8.56499379 49.87590000
W 60.55961088 6.67669637 51.49430000
W 58.92538368 9.52673127 51.43030000
W 62.20643328 9.53403947 51.50000000
W 63.84538368 6.68144125 51.56400000
Se 58.87846656 5.73372025 53.13330000
Se 60.52465920 8.59760801 53.14390000
Se 62.16109056 5.73939228 53.20600000
Se 63.81295104 8.60655237 53.21240000
Se 58.96820736 11.40368462 49.74050000
Se 60.61440000 14.25159250 49.73630000
Se 62.24831232 11.41088374 49.80770000
Se 63.89670912 14.25993694 49.79700000
W 60.57220608 12.37938403 51.43030000
W 58.94175744 15.21736585 51.36060000
W 62.22312192 15.22903716 51.42130000
W 63.85766400 12.38903740 51.49430000
Se 58.89389568 11.44655213 53.07660000
Se 60.54607104 14.30100467 53.07260000
Se 62.17651968 11.45882336 53.14390000
Se 63.83373312 14.31638462 53.13330000
Se 58.98237696 17.08755639 49.66780000
Se 60.63014400 19.92984677 49.65720000
Se 62.26248192 17.09660983 49.72410000
Se 63.91276800 19.93993646 49.70450000
W 60.59267328 18.06200141 51.35120000
W 58.96442880 20.88940270 51.28940000
W 62.24673792 20.90412818 51.33570000
W 63.87750144 18.07552704 51.40360000
Se 58.92003072 17.13358715 53.00400000
Se 60.57692928 19.97762278 52.99340000
Se 62.20328448 17.15153042 53.06040000
Se 63.86427648 19.99780214 53.04070000
Se 58.99843584 22.76068401 49.60090000
Se 60.64777728 25.59893852 49.59120000
Se 62.27980032 22.77088277 49.64150000
Se 63.93071616 25.60979175 49.62090000
W 60.61817856 23.72776629 51.27890000
W 58.99119360 26.54764123 51.23650000
W 62.27413248 26.56427556 51.26450000
W 63.90300672 23.74369163 51.31480000
Se 58.95403776 22.79662509 52.93730000
Se 60.61471488 25.63297075 52.92770000
Se 62.23792128 22.81833154 52.97770000
Se 63.90111744 25.65587705 52.95730000
Se 59.01669888 28.42459457 49.55660000
Se 60.66729984 31.26104931 49.55190000
Se 62.29837824 28.43593865 49.57820000
Se 63.94866432 31.27212069 49.56210000
W 60.64714752 29.38224164 51.22980000
W 59.02110720 32.19862609 51.21230000
W 62.30341632 32.21618759 51.22050000
W 63.93103104 29.39920321 51.24660000
Se 58.99308288 28.44368316 52.89330000
Se 60.65533440 31.27604748 52.88860000
Se 62.27728128 28.46735300 52.91470000
Se 63.94016256 31.29971733 52.89860000
Se 59.03716608 34.08506919 49.54310000
Se 60.68713728 36.92005138 49.54460000
Se 62.31727104 34.09657688 49.54460000
Se 63.96661248 36.93106822 49.53510000
W 60.67737600 35.03208119 51.21190000
W 59.05165056 37.84830202 51.22050000
W 62.33301504 37.86564536 51.20880000
W 63.95905536 35.04920638 51.20880000
Se 59.03433216 34.08354210 52.87990000
Se 60.69721344 36.91525196 52.88130000
Se 62.31821568 34.10759372 52.88130000
Se 63.97920768 36.93832188 52.87170000
Se 59.05668864 39.74499842 49.56210000
Se 60.70634496 42.58248939 49.56940000
Se 62.33647872 39.75585164 49.54380000
Se 63.98487552 42.59290630 49.54120000
W 60.70760448 40.68344782 51.22600000
W 59.08219392 43.50348637 51.25990000
W 62.36198400 43.51990256 51.22890000
W 63.98707968 40.69991855 51.20380000
Se 59.07652608 39.72400098 52.89860000
Se 60.73783296 42.55827416 52.90570000
Se 62.35820544 39.74723451 52.88030000
Se 64.01604864 42.57965337 52.87750000
Se 59.07589632 45.41059969 49.61080000
Se 60.72492288 48.25136299 49.62090000
Se 62.35505664 45.42090752 49.57390000
Se 64.00156416 48.26063458 49.57630000
W 60.73657344 46.34283166 51.26940000
W 59.11084800 49.16990572 51.32360000
W 62.38843392 49.18463120 51.27550000
W 64.01352960 46.35777530 51.23000000
Se 59.11714560 45.37291336 52.94710000
Se 60.77561856 48.21329489 52.95690000
Se 62.39599104 45.39412896 52.91000000
Se 64.04911104 48.23194717 52.91220000
Se 59.09478912 51.08514532 49.67980000
Se 60.74161152 53.93092619 49.68660000
Se 62.37174528 51.09447145 49.62690000
Se 64.01541888 53.93872524 49.62880000
W 60.76270848 52.01628652 51.33240000
W 59.13572352 54.85350480 51.39670000
W 62.41047552 54.86550334 51.33550000
W 64.03620096 52.02893953 51.27850000
Se 59.15335680 51.03884186 53.01570000
Se 60.80679168 53.88876768 53.02270000
Se 62.42905344 51.05667606 52.96280000
Se 64.07650560 53.90338409 52.96480000
Se 59.11021824 56.77054417 49.75110000
Se 60.75357696 59.62128808 49.74630000
Se 62.38528512 56.77763422 49.68660000
Se 64.02643968 59.62674196 49.67980000
W 60.78317568 57.70752103 51.39670000
W 59.15304192 60.55608338 51.45750000
W 62.42653440 60.56371881 51.38790000
W 64.05383424 57.71679263 51.33240000
Se 59.18169600 56.72964006 53.08720000
Se 60.82914816 59.58965556 53.08230000
Se 62.45424384 56.74218399 53.02270000
Se 64.09571328 59.59947255 53.01570000
Se 59.11966464 62.46930504 49.80330000
Se 60.75987456 65.32277588 49.77980000
Se 62.39441664 62.47366814 49.73200000
Se 64.03242240 65.32495744 49.70880000
W 60.79608576 63.41555349 51.44070000
W 59.16217344 66.27229667 51.48730000
W 62.43472128 66.27556900 51.41360000
W 64.06516992 63.42100738 51.37070000
Se 59.19932928 62.44530796 53.13940000
Se 60.84048384 65.31241351 53.11590000
Se 62.47030272 62.45239801 53.06800000
Se 64.10578944 65.31623123 53.04500000
Se 65.52054528 0.00071303 49.96000000
Se 67.16673792 2.85979735 49.98250000
Se 68.81324544 0.00042515 50.01450000
Se 70.46164224 2.86109537 50.03010000
W 67.13650944 0.95770161 51.65680000
W 65.48842752 3.82226019 51.61740000
W 68.78774016 3.82405452 51.67230000
W 70.43991552 0.95721076 51.70440000
Se 65.45253120 0.00176407 53.29670000
Se 67.10502144 2.87535727 53.31930000
Se 68.75940096 0.00103331 53.35130000
Se 70.41692928 2.87682437 53.36690000
Se 65.52432384 5.71479528 49.93550000
Se 67.17303552 8.57033860 49.93550000
Se 68.81544960 5.71839484 49.99000000
Se 70.46668032 8.57551978 49.98250000
W 67.13965824 6.68585889 51.62480000
W 65.49629952 9.54118406 51.56400000
W 68.79403776 9.54761964 51.61740000
W 70.44211968 6.68956753 51.67230000
Se 65.45599488 5.74473709 53.27230000
Se 67.11289344 8.61462412 53.27230000
Se 68.76223488 5.74915473 53.32700000
Se 70.42228224 8.62111423 53.31930000
Se 65.53345536 11.41770109 49.86960000
Se 67.18437120 14.26800869 49.85070000
Se 68.82426624 11.42451845 49.92140000
Se 70.47707136 14.27564412 49.89350000
W 67.15067904 12.39819992 51.55070000
W 65.51204352 15.24070847 51.47730000
W 68.80757760 15.25134354 51.52470000
W 70.45093632 12.40627167 51.59570000
Se 65.47016448 11.47076736 53.20600000
Se 67.13084160 14.33078286 53.18700000
Se 68.77357056 11.48118428 53.25800000
Se 70.43613696 14.34283594 53.23010000
Se 65.54731008 17.10604505 49.77610000
Se 67.19917056 19.94997160 49.74620000
Se 68.83686144 17.11482580 49.82020000
Se 70.48872192 19.95826150 49.77980000
W 67.16894208 18.08856181 51.44990000
W 65.53408512 20.91896274 51.37800000
W 68.82647040 20.93237929 51.41360000
W 70.46542080 18.09979681 51.48730000
Se 65.49472512 17.16931007 53.11240000
Se 67.15823616 20.01699980 53.08230000
Se 68.79403776 17.18528995 53.15640000
Se 70.45754880 20.03336145 53.11590000
Se 65.56399872 22.78162692 49.67810000
Se 67.21491456 25.62004505 49.64620000
Se 68.85040128 22.79117121 49.70880000
Se 70.50068736 25.62866218 49.66610000
W 67.19161344 23.75885342 51.34600000
W 65.55990528 26.58052813 51.28920000
W 68.84788224 26.59509000 51.30910000
W 70.48305408 23.77172458 51.37070000
Se 65.52778752 22.83976529 53.01430000
Se 67.19098368 25.67731080 52.98260000
Se 68.82174720 22.85912657 53.04500000
Se 70.48368384 25.69558131 53.00230000
Se 65.58131712 28.44641010 49.59640000
Se 67.23065856 31.28188313 49.56940000
Se 68.86457088 28.45584531 49.61080000
Se 70.51328256 31.29060934 49.57390000
W 67.21617408 29.41485585 51.25990000
W 65.58667008 32.23265831 51.22600000
W 68.87023872 32.24705656 51.22890000
W 70.50226176 29.42810878 51.26940000
Se 65.56431360 28.49015023 52.93290000
Se 67.22530560 31.32136924 52.90570000
Se 68.85260544 28.51043867 52.94710000
Se 70.51044864 31.33936705 52.91000000
Se 65.59769088 34.10699379 49.54380000
Se 67.24608768 36.94093974 49.52460000
Se 68.87905536 34.11615632 49.54120000
Se 70.52524800 36.94879333 49.51430000
W 67.24073472 35.06453178 51.20380000
W 65.61312000 37.88173432 51.19540000
W 68.89196544 37.89542356 51.18200000
W 70.52146944 35.07713025 51.19840000
Se 65.60115456 34.13017279 52.88030000
Se 67.25868288 36.95882847 52.86090000
Se 68.88314880 34.14964315 52.87750000
Se 70.53595392 36.97540827 52.85060000
Se 65.61500928 39.76637764 49.52460000
Se 67.26120192 42.60234152 49.51430000
Se 68.89228032 39.77504931 49.50630000
Se 70.53595392 42.60937703 49.49130000
W 67.26435072 40.71442587 51.18200000
W 65.63831040 43.53484619 51.19840000
W 68.91180288 43.54722650 51.17080000
W 70.53941760 40.72587902 51.16290000
Se 65.63673600 39.76839557 52.86090000
Se 67.28954112 42.59814203 52.85060000
Se 68.91148800 39.78612069 52.84250000
Se 70.55894016 42.61275843 52.82740000
Se 65.63138304 45.43023366 49.53800000
Se 67.27505664 48.26843363 49.53550000
Se 68.90487552 45.43808725 49.50620000
Se 70.54634496 48.27519645 49.50180000
W 67.28607744 46.37070100 51.19360000
W 65.66129664 49.19755690 51.23010000
W 68.92943616 49.20824651 51.19070000
W 70.55516160 46.38084522 51.16300000
Se 65.66916864 45.41294485 52.87430000
Se 67.31662080 48.24770888 52.87150000
Se 68.93699328 45.42837934 52.84240000
Se 70.57877760 48.25998012 52.83770000
Se 65.64555264 51.10221597 49.57730000
Se 67.28702208 53.94532444 49.57730000
Se 68.91652608 51.10897878 49.53460000
Se 70.55579136 53.95083286 49.53550000
W 67.30465536 52.03962913 51.23000000
W 65.67987456 54.87532032 51.27850000
W 68.94423552 54.88404653 51.23010000
W 70.56933120 52.04813719 51.19070000
Se 65.69687808 51.07221962 52.91320000
Se 67.33866240 53.91570986 52.91320000
Se 68.95840512 51.08481808 52.87050000
Se 70.59452160 53.92519961 52.87150000
Se 65.65657344 56.78417888 49.62690000
Se 67.29552384 59.63219584 49.62090000
Se 68.92597248 56.78963276 49.57630000
Se 70.56177408 59.63546817 49.57390000
W 67.31913984 57.72497345 51.27550000
W 65.69309952 60.57080886 51.32360000
W 68.95431168 60.57626274 51.26940000
W 70.57972224 57.73097272 51.23000000
Se 65.71797504 56.75363714 52.96280000
Se 67.35377664 59.60710798 52.95690000
Se 68.97446400 56.76290874 52.91220000
Se 70.60554240 59.61365264 52.91000000
Se 65.66476032 62.47748586 49.66610000
Se 67.30024704 65.32713899 49.64620000
Se 68.93132544 62.48075819 49.61080000
Se 70.56460800 65.32877515 49.59640000
W 67.32795648 63.42537048 51.30910000
W 65.70002688 66.27775055 51.34600000
W 68.95934976 66.27993210 51.28920000
W 70.58601984 63.42864281 51.25990000
Se 65.73120000 62.45839728 53.00230000
Se 67.36164864 65.31895817 52.98260000
Se 68.98454016 62.46385116 52.94710000
Se 70.61121024 65.32168511 52.93290000
Se 72.11129856 0.00000000 50.05410000
Se 73.76284416 2.86205525 50.06200000
Se 75.41407488 0.00000000 50.07780000
Se 77.06719488 2.86303150 50.07780000
W 73.74930432 0.95687807 51.73620000
W 72.09429504 3.82533618 51.71220000
W 75.40588800 3.82625789 51.73620000
Se 72.07540224 0.00044461 53.39110000
Se 73.73576448 2.87774062 53.39890000
Se 75.39644160 0.00010000 53.41480000
Se 77.05806336 2.87817693 53.41480000
Se 72.11318784 5.72128540 50.03010000
Se 73.76630784 8.57939204 50.01450000
Se 75.41596416 5.72330333 50.05410000
Se 77.06845440 8.58124636 50.03050000
W 73.75087872 6.69223994 51.70440000
W 72.09870336 9.55285536 51.65680000
W 75.40840704 9.55612769 51.68090000
W 77.06341632 6.69365794 51.72050000
Se 72.07697664 5.75237252 53.36690000
Se 73.73891328 8.62547734 53.35130000
Se 75.39738624 5.75422684 53.39110000
Se 77.05932288 8.62771343 53.36750000
Se 72.11980032 11.43062679 49.96000000
Se 73.77229056 14.28142524 49.92320000
Se 75.41879808 11.43428089 49.98370000
Se 77.07034368 14.28426125 49.93850000
W 73.75623168 12.41216186 51.62660000
W 72.10846464 15.26006975 51.56050000
W 75.41313024 15.26563271 51.58260000
W 77.06499072 12.41510696 51.64240000
Se 72.08453376 11.48920148 53.29670000
Se 73.74741504 14.35145308 53.25990000
Se 75.40116480 11.49410997 53.32040000
Se 77.06215680 14.35592526 53.27510000
Se 72.12924672 17.12202492 49.85330000
Se 73.78016256 19.96442438 49.80330000
Se 75.42352128 17.12687887 49.87400000
Se 77.07317760 19.96824210 49.81530000
W 73.76536320 18.10808671 51.51350000
W 72.12231936 20.94306890 51.44070000
W 75.42037248 20.95015894 51.45750000
W 77.06813952 18.11250435 51.52680000
Se 72.09933312 17.19794295 53.18980000
Se 73.76095488 20.04535999 53.13940000
Se 75.40872192 17.20601470 53.21050000
Se 77.06688000 20.05163195 53.15140000
Se 72.13932288 22.79842487 49.73200000
Se 73.78834944 25.63493414 49.67980000
Se 75.42950400 22.80355152 49.74630000
Se 77.07632640 25.63831555 49.68660000
W 73.77701376 23.78110525 51.38790000
W 72.13774848 26.60659769 51.32360000
W 75.42887424 26.61401497 51.33240000
W 77.07223296 23.78617736 51.39670000
Se 72.11948544 22.87461560 53.06800000
Se 73.77764352 25.70888878 53.01570000
Se 75.41911296 22.88459620 53.08230000
Se 77.07254784 25.71592428 53.02270000
Se 72.14939904 28.46358983 49.62090000
Se 73.79590656 31.29677223 49.57630000
Se 75.43485696 28.46822563 49.62690000
Se 77.07853056 31.29949917 49.57730000
W 73.78929408 29.43765308 51.27550000
W 72.15380736 32.25840063 51.23000000
W 75.43706112 32.26543614 51.23010000
W 77.07664128 29.44256157 51.27850000
Se 72.14152704 28.52647308 52.95690000
Se 73.79464704 31.35229275 52.91220000
Se 75.43076352 28.53672638 52.96280000
Se 77.07821568 31.35905556 52.91320000
Se 72.15947520 34.12340998 49.53800000
Se 73.80283392 36.95430175 49.50620000
Se 75.43926528 34.12777308 49.53550000
Se 77.08073472 36.95730139 49.50180000
W 73.80125952 35.08607462 51.19360000
W 72.16892160 37.90573139 51.17080000
W 75.44461824 37.91222151 51.16300000
W 77.08041984 35.09065588 51.19070000
Se 72.16325376 34.16464132 52.87430000
Se 73.81070592 36.98702504 52.84240000
Se 75.44209920 34.17413108 52.87150000
Se 77.08388352 36.99307885 52.83770000
Se 72.16892160 39.78121219 49.49130000
Se 73.81007616 42.61434006 49.47430000
Se 75.44430336 39.78546622 49.48120000
Se 77.08356864 42.61733969 49.46520000
W 73.81228032 40.73384169 51.14870000
W 72.18277632 43.55644356 51.14870000
W 75.45186048 43.56217014 51.13450000
W 77.08419840 40.73809572 51.14100000
Se 72.18309120 39.79942816 52.82740000
Se 73.82487552 42.62279358 52.81030000
Se 75.45217536 39.80771806 52.81730000
Se 77.08860672 42.62786569 52.80130000
Se 72.17742336 45.44403198 49.48120000
Se 73.81668864 48.27994133 49.47770000
Se 75.44965632 45.44774062 49.46520000
Se 77.08577280 48.28195926 49.46520000
W 73.82235648 46.38788073 51.14100000
W 72.19505664 49.21626372 51.16010000
W 75.45815808 49.22111767 51.14100000
W 77.08766208 46.39142575 51.12960000
Se 72.20072448 45.43977795 52.81730000
Se 73.83684096 48.26827002 52.81370000
Se 75.46099200 45.44670438 52.80130000
Se 77.09270016 48.27246951 52.80130000
Se 72.18561024 51.11454174 49.50180000
Se 73.82172672 53.95470511 49.50620000
Se 75.45312000 51.11759591 49.48120000
Se 77.08703232 53.95645035 49.49130000
W 73.83054336 52.05397284 51.16300000
W 72.20481792 54.89004580 51.19360000
W 75.46288128 54.89386352 51.17080000
W 77.09049600 52.05675432 51.14870000
Se 72.21489408 51.09403514 52.83770000
Se 73.84628736 53.93163519 52.84240000
Se 75.46823424 51.09959810 52.81730000
Se 77.09584896 53.93485298 52.82740000
Se 72.19190784 56.79345048 49.53800000
Se 73.82582016 59.63819511 49.54120000
Se 75.45595392 56.79617742 49.51430000
Se 77.08860672 59.63983127 49.52460000
W 73.83684096 57.73479044 51.19840000
W 72.21174528 60.58008046 51.22890000
W 75.46634496 60.58280740 51.20380000
W 77.09238528 57.73697199 51.18200000
Se 72.22591488 56.76945340 52.87430000
Se 73.85289984 59.61747036 52.87750000
Se 75.47358720 56.77327111 52.85060000
Se 77.09805312 59.61965191 52.86090000
Se 72.19568640 62.48239436 49.56940000
Se 73.82802432 65.32986593 49.56210000
Se 75.45878784 62.48403052 49.54380000
Se 77.08986624 65.33041132 49.54460000
W 73.84093440 63.43082436 51.22600000
W 72.21489408 66.28156827 51.24660000
W 75.46823424 66.28265904 51.22050000
W 77.09395968 63.43191514 51.20880000
Se 72.23221248 62.46766888 52.90570000
Se 73.85636352 65.32332127 52.89860000
Se 75.47705088 62.46985043 52.88030000
Se 77.09899776 65.32441205 52.88130000
Se 78.72000000 5.72406688 50.06200000
Se 80.37154560 8.58124636 50.03050000
W 78.72000000 9.55721847 51.68900000
Se 78.72000000 5.75482677 53.39910000
Se 80.38067712 8.62771343 53.36750000
Se 78.72000000 11.43531713 49.99170000
Se 80.36965632 14.28426125 49.93850000
Se 82.02120192 11.43428089 49.98370000
Se 83.66770944 14.28142524 49.92320000
W 80.37500928 12.41510696 51.64240000
W 78.72000000 15.26754156 51.59000000
W 82.02686976 15.26563271 51.58260000
Se 78.72000000 11.49580068 53.32840000
Se 80.37784320 14.35592526 53.27510000
Se 82.03883520 11.49410997 53.32040000
Se 83.69258496 14.35145308 53.25990000
Se 78.72000000 17.12867865 49.88110000
Se 80.36682240 19.96824210 49.81530000
Se 82.01647872 17.12687887 49.87400000
Se 83.65983744 19.96442438 49.80330000
W 80.37186048 18.11250435 51.52680000
W 78.72000000 20.95266773 51.46320000
W 82.01962752 20.95015894 51.45750000
W 83.67463680 18.10808671 51.51350000
Se 78.72000000 17.20885071 53.21750000
Se 80.37312000 20.05163195 53.15140000
Se 82.03127808 17.20601470 53.21050000
Se 83.67904512 20.04535999 53.13940000
Se 78.72000000 22.80556946 49.75110000
Se 80.36367360 25.63831555 49.68660000
Se 82.01049600 22.80355152 49.74630000
Se 83.65165056 25.63493414 49.67980000
W 80.36776704 23.78617736 51.39670000
W 78.72000000 26.61657829 51.33550000
W 82.01112576 26.61401497 51.33240000
W 83.66298624 23.78110525 51.38790000
Se 78.72000000 22.88803215 53.08720000
Se 80.36745216 25.71592428 53.02270000
Se 82.02088704 22.88459620 53.08230000
Se 83.66235648 25.70888878 53.01570000
Se 78.72000000 28.46958910 49.62880000
Se 80.36146944 31.29949917 49.57730000
Se 82.00514304 28.46822563 49.62690000
Se 83.64409344 31.29677223 49.57630000
W 80.36335872 29.44256157 51.27850000
W 78.72000000 32.26778131 51.23000000
W 82.00293888 32.26543614 51.23010000
W 83.65070592 29.43765308 51.27550000
Se 78.72000000 28.54021686 52.96480000
Se 80.36178432 31.35905556 52.91320000
Se 82.00923648 28.53672638 52.96280000
Se 83.64535296 31.35229275 52.91220000
Se 78.72000000 34.12908201 49.53460000
Se 80.35926528 36.95730139 49.50180000
Se 82.00073472 34.12777308 49.53550000
Se 83.63716608 36.95430175 49.50620000
W 80.35958016 35.09065588 51.19070000
W 78.72000000 37.91445760 51.16010000
W 81.99538176 37.91222151 51.16300000
W 83.63874048 35.08607462 51.19360000
Se 78.72000000 34.17734887 52.87050000
Se 80.35611648 36.99307885 52.83770000
Se 81.99790080 34.17413108 52.87150000
Se 83.62929408 36.98702504 52.84240000
Se 78.72000000 39.78721146 49.47770000
Se 80.35643136 42.61733969 49.46520000
Se 81.99569664 39.78546622 49.48120000
Se 83.62992384 42.61434006 49.47430000
W 80.35580160 40.73809572 51.14100000
W 78.72000000 43.56418808 51.12960000
W 81.98813952 43.56217014 51.13450000
W 83.62771968 40.73384169 51.14870000
Se 78.72000000 39.81049954 52.81370000
Se 80.35139328 42.62786569 52.80130000
Se 81.98782464 39.80771806 52.81730000
Se 83.61512448 42.62279358 52.81030000
Se 78.72000000 45.44899501 49.45970000
Se 80.35422720 48.28195926 49.46520000
Se 81.99034368 45.44774062 49.46520000
Se 83.62331136 48.27994133 49.47770000
W 80.35233792 46.39142575 51.12960000
W 78.72000000 49.22264476 51.13450000
W 81.98184192 49.22111767 51.14100000
W 83.61764352 46.38788073 51.14100000
Se 78.72000000 45.44899501 52.79590000
Se 80.34729984 48.27246951 52.80130000
Se 81.97900800 45.44670438 52.80130000
Se 83.60315904 48.26827002 52.81370000
Se 78.72000000 51.11830492 49.47430000
Se 80.35296768 53.95645035 49.49130000
Se 81.98688000 51.11759591 49.48120000
Se 83.61827328 53.95470511 49.50620000
W 80.34950400 52.05675432 51.14870000
W 78.72000000 54.89549969 51.16290000
W 81.97711872 54.89386352 51.17080000
W 83.60945664 52.05397284 51.16300000
Se 78.72000000 51.10145242 52.81030000
Se 80.34415104 53.93485298 52.82740000
Se 81.97176576 51.09959810 52.81730000
Se 83.59371264 53.93163519 52.84240000
Se 78.72000000 56.79672281 49.50630000
Se 80.35139328 59.63983127 49.52460000
Se 81.98404608 56.79617742 49.51430000
Se 83.61417984 59.63819511 49.54120000
W 80.34761472 57.73697199 51.18200000
W 78.72000000 60.58335279 51.19540000
W 81.97365504 60.58280740 51.20380000
W 83.60315904 57.73479044 51.19840000
Se 78.72000000 56.77490728 52.84250000
Se 80.34194688 59.61965191 52.86090000
Se 81.96641280 56.77327111 52.85060000
Se 83.58710016 59.61747036 52.87750000
Se 78.72000000 62.48512130 49.53510000
Se 80.35013376 65.33041132 49.54460000
Se 81.98121216 62.48403052 49.54380000
Se 83.61197568 65.32986593 49.56210000
W 80.34604032 63.43191514 51.20880000
W 78.72000000 66.28265904 51.21190000
W 81.97176576 66.28265904 51.22050000
W 83.59906560 63.43082436 51.22600000
Se 78.72000000 62.47039582 52.87170000
Se 80.34100224 65.32441205 52.88130000
Se 81.96294912 62.46985043 52.88030000
Se 83.58363648 65.32332127 52.89860000
Se 85.31075328 17.12202492 49.85330000
Se 86.95127808 19.95826150 49.77980000
W 85.31768064 20.94306890 51.44070000
Se 85.34066688 17.19794295 53.18980000
Se 86.98245120 20.03336145 53.11590000
Se 85.30067712 22.79842487 49.73200000
Se 86.93931264 25.62866218 49.66610000
Se 88.58959872 22.79117121 49.70880000
Se 90.22508544 25.62004505 49.64620000
W 86.95694592 23.77172458 51.37070000
W 85.30225152 26.60659769 51.32360000
W 88.59211776 26.59509000 51.30910000
Se 85.32051456 22.87461560 53.06800000
Se 86.95631616 25.69558131 53.00230000
Se 88.61825280 22.85912657 53.04500000
Se 90.24901632 25.67731080 52.98260000
Se 85.29060096 28.46358983 49.62090000
Se 86.92671744 31.29060934 49.57390000
Se 88.57542912 28.45584531 49.61080000
Se 90.20934144 31.28188313 49.56940000
W 86.93773824 29.42810878 51.26940000
W 85.28619264 32.25840063 51.23000000
W 88.56976128 32.24705656 51.22890000
W 90.22382592 29.41485585 51.25990000
Se 85.29847296 28.52647308 52.95690000
Se 86.92955136 31.33936705 52.91000000
Se 88.58739456 28.51043867 52.94710000
Se 90.21469440 31.32136924 52.90570000
Se 85.28052480 34.12340998 49.53800000
Se 86.91475200 36.94879333 49.51430000
Se 88.56094464 34.11615632 49.54120000
Se 90.19391232 36.94093974 49.52460000
W 86.91853056 35.07713025 51.19840000
W 85.27107840 37.90573139 51.17080000
W 88.54803456 37.89542356 51.18200000
W 90.19926528 35.06453178 51.20380000
Se 85.27674624 34.16464132 52.87430000
Se 86.90404608 36.97540827 52.85060000
Se 88.55685120 34.14964315 52.87750000
Se 90.18131712 36.95882847 52.86090000
Se 85.27107840 39.78121219 49.49130000
Se 86.90404608 42.60937703 49.49130000
Se 88.54771968 39.77504931 49.50630000
Se 90.17879808 42.60234152 49.51430000
W 86.90058240 40.72587902 51.16290000
W 85.25722368 43.55644356 51.14870000
W 88.52819712 43.54722650 51.17080000
W 90.17564928 40.71442587 51.18200000
Se 85.25690880 39.79942816 52.82740000
Se 86.88105984 42.61275843 52.82740000
Se 88.52851200 39.78612069 52.84250000
Se 90.15045888 42.59814203 52.85060000
Se 85.26257664 45.44403198 49.48120000
Se 86.89365504 48.27519645 49.50180000
Se 88.53512448 45.43808725 49.50620000
Se 90.16494336 48.26843363 49.53550000
W 86.88483840 46.38084522 51.16300000
W 85.24494336 49.21626372 51.16010000
W 88.51056384 49.20824651 51.19070000
W 90.15392256 46.37070100 51.19360000
Se 85.23927552 45.43977795 52.81730000
Se 86.86122240 48.25998012 52.83770000
Se 88.50300672 45.42837934 52.84240000
Se 90.12337920 48.24770888 52.87150000
Se 85.25438976 51.11454174 49.50180000
Se 86.88420864 53.95083286 49.53550000
Se 88.52347392 51.10897878 49.53460000
Se 90.15297792 53.94532444 49.57730000
W 86.87066880 52.04813719 51.19070000
W 85.23518208 54.89004580 51.19360000
W 88.49576448 54.88404653 51.23010000
W 90.13534464 52.03962913 51.23000000
Se 85.22510592 51.09403514 52.83770000
Se 86.84547840 53.92519961 52.87150000
Se 88.48159488 51.08481808 52.87050000
Se 90.10133760 53.91570986 52.91320000
Se 85.24809216 56.79345048 49.53800000
Se 86.87822592 59.63546817 49.57390000
Se 88.51402752 56.78963276 49.57630000
Se 90.14447616 59.63219584 49.62090000
W 86.86027776 57.73097272 51.23000000
W 85.22825472 60.58008046 51.22890000
W 88.48568832 60.57626274 51.26940000
W 90.12086016 57.72497345 51.27550000
Se 85.21408512 56.76945340 52.87430000
Se 86.83445760 59.61365264 52.91000000
Se 88.46553600 56.76290874 52.91220000
Se 90.08622336 59.60710798 52.95690000
Se 85.24431360 62.48239436 49.56940000
Se 86.87539200 65.32877515 49.59640000
Se 88.50867456 62.48075819 49.61080000
Se 90.13975296 65.32713899 49.64620000
W 86.85398016 63.42864281 51.25990000
W 85.22510592 66.28156827 51.24660000
W 88.48065024 66.27993210 51.28920000
W 90.11204352 63.42537048 51.30910000
Se 85.20778752 62.46766888 52.90570000
Se 86.82878976 65.32168511 52.93290000
Se 88.45545984 62.46385116 52.94710000
Se 90.07835136 65.31895817 52.98260000
Se 91.85868288 28.44641010 49.59640000
Se 93.49133568 31.27212069 49.56210000
W 91.85332992 32.23265831 51.22600000
Se 91.87568640 28.49015023 52.93290000
Se 93.49983744 31.29971733 52.89860000
Se 91.84230912 34.10699379 49.54380000
Se 93.47338752 36.93106822 49.53510000
Se 95.12272896 34.09657688 49.54460000
Se 96.75286272 36.92005138 49.54460000
W 93.48094464 35.04920638 51.20880000
W 91.82688000 37.88173432 51.19540000
W 95.10698496 37.86564536 51.20880000
Se 91.83884544 34.13017279 52.88030000
Se 93.46079232 36.93832188 52.87170000
Se 95.12178432 34.10759372 52.88130000
Se 96.74278656 36.91525196 52.88130000
Se 91.82499072 39.76637764 49.52460000
Se 93.45512448 42.59290630 49.54120000
Se 95.10352128 39.75585164 49.54380000
Se 96.73365504 42.58248939 49.56940000
W 93.45292032 40.69991855 51.20380000
W 91.80168960 43.53484619 51.19840000
W 95.07801600 43.51990256 51.22890000
W 96.73239552 40.68344782 51.22600000
Se 91.80326400 39.76839557 52.86090000
Se 93.42395136 42.57965337 52.87750000
Se 95.08179456 39.74723451 52.88030000
Se 96.70216704 42.55827416 52.90570000
Se 91.80861696 45.43023366 49.53800000
Se 93.43843584 48.26063458 49.57630000
Se 95.08494336 45.42090752 49.57390000
Se 96.71507712 48.25136299 49.62090000
W 93.42647040 46.35777530 51.23000000
W 91.77870336 49.19755690 51.23010000
W 95.05156608 49.18463120 51.27550000
W 96.70342656 46.34283166 51.26940000
Se 91.77083136 45.41294485 52.87430000
Se 93.39088896 48.23194717 52.91220000
Se 95.04400896 45.39412896 52.91000000
Se 96.66438144 48.21329489 52.95690000
Se 91.79444736 51.10221597 49.57730000
Se 93.42458112 53.93872524 49.62880000
Se 95.06825472 51.09447145 49.62690000
Se 96.69838848 53.93092619 49.68660000
W 93.40379904 52.02893953 51.27850000
W 91.76012544 54.87532032 51.27850000
W 95.02952448 54.86550334 51.33550000
W 96.67729152 52.01628652 51.33240000
Se 91.74312192 51.07221962 52.91320000
Se 93.36349440 53.90338409 52.96480000
Se 95.01094656 51.05667606 52.96280000
Se 96.63320832 53.88876768 53.02270000
Se 91.78342656 56.78417888 49.62690000
Se 93.41356032 59.62674196 49.67980000
Se 95.05471488 56.77763422 49.68660000
Se 96.68642304 59.62128808 49.74630000
W 93.38616576 57.71679263 51.33240000
W 91.74690048 60.57080886 51.32360000
W 95.01346560 60.56371881 51.38790000
W 96.65682432 57.70752103 51.39670000
Se 91.72202496 56.75363714 52.96280000
Se 93.34428672 59.59947255 53.01570000
Se 94.98575616 56.74218399 53.02270000
Se 96.61085184 59.58965556 53.08230000
Se 91.77523968 62.47748586 49.66610000
Se 93.40757760 65.32495744 49.70880000
Se 95.04558336 62.47366814 49.73200000
Se 96.68012544 65.32277588 49.77980000
W 93.37483008 63.42100738 51.37070000
W 91.73997312 66.27775055 51.34600000
W 95.00527872 66.27556900 51.41360000
W 96.64391424 63.41555349 51.44070000
Se 91.70880000 62.45839728 53.00230000
Se 93.33421056 65.31623123 53.04500000
Se 94.96969728 62.45239801 53.06800000
Se 96.59951616 65.31241351 53.11590000
Se 98.38331136 39.74499842 49.56210000
Se 100.01407488 42.57185432 49.59640000
W 98.35780608 43.50348637 51.25990000
Se 98.36347392 39.72400098 52.89860000
Se 99.98479104 42.53520424 52.93290000
Se 98.36410368 45.41059969 49.61080000
Se 99.99455232 48.24094607 49.66610000
Se 101.64483840 45.39985554 49.64620000
Se 103.27717632 48.23069277 49.70880000
W 99.98384640 46.32657910 51.30910000
W 98.32915200 49.16990572 51.32360000
W 101.61146112 49.15436216 51.37070000
Se 98.32285440 45.37291336 52.94710000
Se 99.94511616 48.19278830 53.00230000
Se 101.60705280 45.35055245 52.98260000
Se 103.23246336 48.17189993 53.04500000
Se 98.34521088 51.08514532 49.67980000
Se 99.97691904 53.92214544 49.74630000
Se 101.62626048 51.07521925 49.73200000
Se 103.26017280 53.91325561 49.80330000
W 99.95645184 52.00232458 51.38790000
W 98.30427648 54.85350480 51.39670000
W 101.58627072 54.84096087 51.45750000
W 103.24159488 51.98814449 51.44070000
Se 98.28664320 51.03884186 53.01570000
Se 99.91173888 53.87267873 53.08230000
Se 101.57021184 51.01997143 53.06800000
Se 103.19971584 53.85626255 53.13940000
Se 98.32978176 56.77054417 49.75110000
Se 99.96369408 59.61583420 49.81530000
Se 101.61051648 56.76290874 49.81530000
Se 103.24600320 59.60928954 49.88110000
W 99.93441024 57.69715865 51.46320000
W 98.28695808 60.55608338 51.45750000
W 101.56832256 60.54790256 51.52680000
W 103.22018304 57.68679628 51.52680000
Se 98.25830400 56.72964006 53.08720000
Se 99.88812288 59.57929319 53.15140000
Se 101.54124288 56.71600536 53.15140000
Se 103.17672960 59.56893081 53.21750000
Se 98.32033536 62.46930504 49.80330000
Se 99.95645184 65.32004894 49.85330000
Se 101.59949568 62.46494193 49.87400000
Se 103.23813120 65.31786739 49.92320000
W 99.92055552 63.41009961 51.51350000
W 98.27782656 66.27229667 51.48730000
W 101.55856128 66.26902434 51.56050000
W 103.20601344 63.40464573 51.58260000
Se 98.24067072 62.44530796 53.13940000
Se 99.87584256 65.30805040 53.18980000
Se 101.52360960 62.43821791 53.21050000
Se 103.16507904 65.30423269 53.25990000
Se 104.91140352 51.06589312 49.77980000
Se 106.54720512 53.90474756 49.85330000
W 104.87519232 54.82896233 51.51350000
Se 104.86165248 51.00142823 53.11590000
Se 106.49650944 53.84093714 53.18980000
Se 104.89597440 56.75527331 49.87400000
Se 106.53429504 59.60274488 49.93850000
Se 108.18584064 56.74818326 49.92320000
Se 109.82825472 59.59729100 49.98370000
W 106.51288320 57.67697929 51.58260000
W 104.85787392 60.53972174 51.59000000
W 108.15561216 60.53263169 51.64240000
Se 104.83488768 56.70291604 53.21050000
Se 106.47635712 59.55965921 53.27510000
Se 108.13766400 56.69146289 53.25990000
Se 109.78511616 59.55202378 53.32040000
Se 104.88463872 62.46003344 49.93850000
Se 106.52705280 65.31514045 49.98370000
Se 108.17670912 62.45567034 49.99170000
Se 109.82258688 65.31295890 50.03050000
W 106.50060288 63.39919185 51.64240000
W 104.84905728 66.26629740 51.62660000
W 108.14836992 66.26357046 51.68090000
W 109.80337920 63.39482874 51.68900000
Se 104.81851392 62.43112787 53.27510000
Se 106.46628096 65.30096036 53.32040000
Se 108.12443904 62.42567399 53.32840000
Se 109.77787392 65.29768803 53.36750000
Se 111.47413248 62.45294339 50.03050000
Se 113.12284416 65.31132273 50.06200000
W 111.45492480 66.26138890 51.72050000
Se 111.43855104 62.42131088 53.36750000
Se 113.09607936 65.29605186 53.39910000
