C 18.24200000 31.31080000 21.05880000
C 21.08200000 31.40590000 21.06400000
C 20.33090000 32.61180000 21.07450000
C 23.17070000 32.70700000 21.06410000
C 22.41960000 33.91290000 21.07450000
C 25.25930000 34.00790000 21.04810000
C 16.23430000 27.55200000 20.98300000
C 19.07490000 27.64620000 21.00530000
C 18.32400000 28.85190000 21.02570000
C 21.16400000 28.94670000 21.03100000
C 20.41310000 30.15260000 21.05050000
C 23.25280000 30.24750000 21.03960000
C 22.50200000 31.45350000 21.05870000
C 25.34150000 31.54840000 21.03150000
C 24.59060000 32.75440000 21.05080000
C 27.42990000 32.84880000 21.00630000
C 26.67900000 34.05480000 21.02610000
C 29.51790000 34.14830000 20.96280000
C 14.22180000 23.79780000 20.85300000
C 17.06490000 23.88930000 20.88950000
C 16.31450000 25.09480000 20.92050000
C 19.15550000 25.18780000 20.94220000
C 18.40520000 26.39360000 20.97300000
C 21.24500000 26.48760000 20.97820000
C 20.49480000 27.69360000 21.00800000
C 23.33400000 27.78810000 20.99650000
C 22.58390000 28.99420000 21.02540000
C 25.42290000 29.08880000 20.99700000
C 24.67270000 30.29500000 21.02580000
C 27.51150000 30.38920000 20.97980000
C 26.76120000 31.59540000 21.00900000
C 29.59970000 31.68880000 20.94460000
C 28.84940000 32.89500000 20.97440000
C 31.68750000 32.98680000 20.89240000
C 30.93720000 34.19320000 20.92170000
C 33.77490000 34.28200000 20.82680000
C 12.19610000 20.05170000 20.71620000
C 15.04580000 20.13890000 20.74230000
C 14.29640000 21.34420000 20.77520000
C 17.14170000 21.43340000 20.80190000
C 16.39240000 22.63900000 20.84070000
C 19.23410000 22.73010000 20.85920000
C 18.48490000 23.93610000 20.89980000
C 21.32430000 24.02870000 20.90470000
C 20.57540000 25.23510000 20.94480000
C 23.41370000 25.32860000 20.93350000
C 22.66490000 26.53510000 20.97250000
C 25.50270000 26.62900000 20.94370000
C 24.75380000 27.83560000 20.98220000
C 27.59160000 27.92930000 20.93500000
C 26.84260000 29.13590000 20.97370000
C 29.68020000 29.22900000 20.90780000
C 28.93100000 30.43560000 20.94720000
C 31.76830000 30.52710000 20.86400000
C 31.01900000 31.73370000 20.90320000
C 33.85610000 31.82250000 20.80820000
C 33.10660000 33.02930000 20.84460000
C 35.94390000 33.11380000 20.74930000
C 35.19390000 34.32090000 20.77830000
C 38.03210000 34.40000000 20.70000000
C 10.15550000 16.31180000 20.67710000
C 13.01030000 16.39620000 20.65600000
C 12.26180000 17.60180000 20.67240000
C 15.11440000 17.68660000 20.66930000
C 14.36620000 18.89240000 20.70090000
C 17.21420000 18.97850000 20.70990000
C 16.46640000 20.18470000 20.75170000
C 19.30930000 20.27290000 20.76290000
C 18.56200000 21.47950000 20.80960000
C 21.40090000 21.56980000 20.81370000
C 20.65400000 22.77690000 20.86160000
C 23.49080000 22.86860000 20.85210000
C 22.74420000 24.07600000 20.89950000
C 25.58000000 24.16850000 20.87270000
C 24.83340000 25.37600000 20.91950000
C 27.66900000 25.46870000 20.87350000
C 26.92230000 26.67630000 20.92020000
C 29.75800000 26.76840000 20.85480000
C 29.01100000 27.97590000 20.90190000
C 31.84690000 28.06670000 20.81880000
C 31.09940000 29.27420000 20.86600000
C 33.93540000 29.36240000 20.77120000
C 33.18740000 30.56990000 20.81620000
C 36.02400000 30.65410000 20.72170000
C 35.27520000 31.86160000 20.76010000
C 38.11280000 31.94060000 20.68380000
C 37.36320000 33.14830000 20.70990000
C 40.20220000 33.22260000 20.67000000
C 39.45180000 34.43030000 20.67890000
C 42.29150000 34.50290000 20.68700000
C 8.12109000 12.56910000 20.77490000
C 10.97070000 12.65580000 20.71040000
C 10.22110000 13.86160000 20.70500000
C 13.07380000 13.94600000 20.64920000
C 12.32540000 15.15220000 20.65820000
C 15.17850000 15.23500000 20.62150000
C 14.43130000 16.44160000 20.64590000
C 17.28130000 16.52440000 20.63070000
C 16.53520000 17.73160000 20.66800000
C 19.37970000 17.81580000 20.66740000
C 18.63460000 19.02370000 20.71290000
C 21.47350000 19.11030000 20.71570000
C 20.72930000 20.31880000 20.76480000
C 23.56430000 20.40750000 20.76020000
C 22.82070000 21.61650000 20.81020000
C 25.65370000 21.70650000 20.79060000
C 24.91040000 22.91580000 20.84040000
C 27.74280000 23.00640000 20.80160000
C 26.99940000 24.21580000 20.85130000
C 29.83200000 24.30620000 20.79180000
C 29.08840000 25.51560000 20.84190000
C 31.92150000 25.60480000 20.76350000
C 31.17720000 26.81400000 20.81390000
C 34.01110000 26.90100000 20.72270000
C 33.26600000 28.11000000 20.77160000
C 36.10100000 28.19330000 20.68010000
C 35.35460000 29.40210000 20.72390000
C 38.19130000 29.48050000 20.65020000
C 37.44340000 30.68910000 20.68340000
C 40.28190000 30.76310000 20.64620000
C 39.53270000 31.97130000 20.66390000
C 42.37210000 32.04370000 20.67470000
C 41.62210000 33.25130000 20.67470000
C 44.46130000 33.32610000 20.73070000
C 43.71110000 34.53320000 20.71500000
C 46.54950000 34.61320000 20.80160000
C 6.10371000 8.81833000 20.91950000
C 8.94654000 8.90935000 20.85210000
C 8.19585000 10.11510000 20.84040000
C 11.04120000 10.20350000 20.76020000
C 10.29120000 11.40950000 20.75380000
C 13.13950000 11.49470000 20.67280000
C 12.39070000 12.70120000 20.67540000
C 15.24130000 12.78320000 20.60860000
C 14.49430000 13.99050000 20.62270000
C 17.34430000 14.07030000 20.58140000
C 16.59930000 15.27870000 20.60710000
C 19.44490000 15.35850000 20.59190000
C 18.70190000 16.56800000 20.62680000
C 21.54100000 16.64980000 20.62820000
C 20.79980000 17.86030000 20.66860000
C 23.63330000 17.94470000 20.67280000
C 22.89320000 19.15590000 20.71560000
C 25.72330000 19.24240000 20.71040000
C 24.98370000 20.45400000 20.75380000
C 27.81240000 20.54170000 20.73100000
C 27.07300000 21.75350000 20.77490000
C 29.90150000 21.84150000 20.73070000
C 29.16190000 23.05340000 20.77510000
C 31.99120000 23.14050000 20.71020000
C 31.25110000 24.35220000 20.75530000
C 34.08170000 24.43740000 20.67510000
C 33.34050000 25.64890000 20.71980000
C 36.17310000 25.73070000 20.63650000
C 35.43030000 26.94170000 20.67800000
C 38.26550000 27.01930000 20.60970000
C 37.52050000 28.22940000 20.64370000
C 40.35840000 28.30290000 20.60990000
C 39.61120000 29.51220000 20.63180000
C 42.45070000 29.58420000 20.64490000
C 41.70190000 30.79240000 20.65210000
C 44.54140000 30.86690000 20.71020000
C 43.79180000 32.07430000 20.70370000
C 46.63050000 32.15400000 20.79180000
C 45.88050000 33.36070000 20.77510000
C 48.71870000 33.44600000 20.87350000
C 47.96850000 34.65230000 20.85130000
C 50.80670000 34.74190000 20.94370000
C 4.09501000 5.06111000 21.02540000
C 6.93527000 5.15488000 20.97820000
C 6.18420000 6.36079000 20.97250000
C 9.02505000 6.45306000 20.90470000
C 8.27421000 7.65903000 20.89950000
C 11.11630000 7.74887000 20.81370000
C 10.36590000 8.95508000 20.81020000
C 13.20990000 9.04141000 20.71570000
C 12.46060000 10.24810000 20.71560000
C 15.30700000 10.33020000 20.62820000
C 14.55940000 11.53780000 20.63340000
C 17.40690000 11.61590000 20.57020000
C 16.66170000 12.82480000 20.58170000
C 19.50710000 12.90090000 20.55230000
C 18.76480000 14.11150000 20.56980000
C 21.60450000 14.18840000 20.57020000
C 20.86500000 15.40060000 20.59230000
C 23.69830000 15.48020000 20.60860000
C 22.96070000 16.69350000 20.63340000
C 25.78910000 16.77600000 20.64920000
C 25.05260000 17.98990000 20.67540000
C 27.87840000 18.07440000 20.67790000
C 27.14230000 19.28860000 20.70500000
C 29.96730000 19.37400000 20.68700000
C 29.23130000 20.58830000 20.71500000
C 32.05670000 20.67350000 20.67470000
C 31.32030000 21.88770000 20.70370000
C 34.14740000 21.97130000 20.64490000
C 33.41010000 23.18520000 20.67460000
C 36.23990000 23.26600000 20.60770000
C 35.50090000 24.47930000 20.63650000
C 38.33430000 24.55640000 20.57860000
C 37.59280000 25.76860000 20.60390000
C 40.43020000 25.84200000 20.57490000
C 39.68570000 27.05260000 20.59330000
C 42.52570000 27.12470000 20.60770000
C 41.77870000 28.33370000 20.61670000
C 44.61930000 28.40810000 20.67510000
C 43.87070000 29.61580000 20.67460000
C 46.71040000 29.69520000 20.76350000
C 45.96080000 30.90200000 20.75530000
C 48.79980000 30.98700000 20.85480000
C 48.04970000 32.19330000 20.84190000
C 50.88840000 32.28270000 20.93500000
C 50.13790000 33.48880000 20.92020000
C 52.97690000 33.58110000 20.99700000
C 52.22610000 34.78710000 20.98220000
C 55.06540000 34.88110000 21.03960000
C 60.74510000 35.07120000 21.08220000
C 2.83988000 0.09524480 21.07200000
C 2.08863000 1.30115000 21.07450000
C 4.92845000 1.39606000 21.04790000
C 4.17725000 2.60200000 21.05050000
C 7.01701000 2.69623000 21.00530000
C 6.26591000 3.90221000 21.00800000
C 9.10568000 3.99520000 20.94220000
C 8.35479000 5.20131000 20.94480000
C 11.19480000 5.29214000 20.85920000
C 10.44430000 6.49849000 20.86160000
C 13.28520000 6.58588000 20.76290000
C 12.53540000 7.79271000 20.76480000
C 15.37790000 7.87536000 20.66740000
C 14.62930000 9.08300000 20.66860000
C 17.47340000 9.16049000 20.59190000
C 16.72690000 10.36940000 20.59230000
C 19.57070000 10.44320000 20.55230000
C 18.82720000 11.65370000 20.55220000
C 21.66730000 11.72710000 20.55230000
C 20.92720000 12.93950000 20.55220000
C 23.76150000 13.01540000 20.58140000
C 23.02410000 14.22930000 20.58170000
C 25.85300000 14.30870000 20.62150000
C 25.11730000 15.52350000 20.62270000
C 27.94270000 15.60580000 20.65600000
C 27.20780000 16.82100000 20.65820000
C 30.03160000 16.90500000 20.67370000
C 29.29700000 18.12040000 20.67710000
C 32.12070000 18.20480000 20.67000000
C 31.38590000 19.42010000 20.67470000
C 34.21090000 19.50360000 20.64620000
C 33.47540000 20.71870000 20.65210000
C 36.30320000 20.79990000 20.60990000
C 35.56640000 22.01460000 20.61670000
C 38.39850000 22.09250000 20.57490000
C 37.65940000 23.30610000 20.58180000
C 40.49670000 23.38080000 20.55930000
C 39.75450000 24.59260000 20.56510000
C 42.59600000 24.66570000 20.57860000
C 41.85070000 25.87530000 20.58180000
C 44.69360000 25.95020000 20.63650000
C 43.94600000 27.15800000 20.63650000
C 46.78810000 27.23740000 20.72270000
C 46.03900000 28.44420000 20.71980000
C 48.87970000 28.52880000 20.81880000
C 48.12970000 29.73510000 20.81390000
C 50.96960000 29.82410000 20.90780000
C 50.21910000 31.03010000 20.90190000
C 53.05880000 31.12210000 20.97980000
C 52.30790000 32.32800000 20.97370000
C 55.14770000 32.42180000 21.03150000
C 54.39660000 33.62770000 21.02580000
C 57.23640000 33.72240000 21.06410000
C 56.48530000 34.92830000 21.05870000
C 59.32510000 35.02350000 21.07970000
C 4.25977000 0.14263200 21.05880000
C 7.09926000 0.23704400 21.01470000
C 6.34822000 1.44306000 21.02570000
C 9.18743000 1.53640000 20.96190000
C 8.43657000 2.74256000 20.97300000
C 11.27550000 2.83396000 20.88950000
C 10.52500000 4.04037000 20.89980000
C 13.36400000 4.12850000 20.80190000
C 12.61390000 5.33536000 20.80960000
C 15.45370000 5.41867000 20.70990000
C 14.70440000 6.62621000 20.71290000
C 17.54550000 6.70386000 20.63070000
C 16.79750000 7.91231000 20.62680000
C 19.63930000 7.98541000 20.58140000
C 18.89340000 9.19504000 20.56980000
C 21.73360000 9.26688000 20.57020000
C 20.99070000 10.47790000 20.55220000
C 23.82680000 10.55220000 20.59190000
C 23.08690000 11.76470000 20.56980000
C 25.91820000 11.84300000 20.63070000
C 25.18040000 13.05650000 20.60710000
C 28.00820000 13.13840000 20.66930000
C 27.27160000 14.35250000 20.64590000
C 30.09720000 14.43700000 20.69480000
C 29.36110000 15.65120000 20.67240000
C 32.18610000 15.73680000 20.70000000
C 31.45000000 16.95110000 20.67890000
C 34.27560000 17.03640000 20.68380000
C 33.53910000 18.25060000 20.66390000
C 36.36690000 18.33430000 20.65020000
C 35.62950000 19.54830000 20.63180000
C 38.46130000 19.62930000 20.60970000
C 37.72230000 20.84250000 20.59330000
C 40.55980000 20.92030000 20.57860000
C 39.81840000 22.13210000 20.56510000
C 42.66150000 22.20780000 20.57490000
C 41.91720000 23.41770000 20.56510000
C 44.76330000 23.49380000 20.60970000
C 44.01660000 24.70180000 20.60390000
C 46.86240000 24.78140000 20.68010000
C 46.11370000 25.98800000 20.67800000
C 48.95760000 26.07220000 20.77120000
C 48.20770000 27.27820000 20.77160000
C 51.04980000 27.36660000 20.86400000
C 50.29920000 28.57240000 20.86600000
C 53.14020000 28.66390000 20.94460000
C 52.38920000 29.86960000 20.94720000
C 55.22970000 29.96300000 21.00630000
C 54.47850000 31.16880000 21.00900000
C 57.31880000 31.26330000 21.04810000
C 56.56750000 32.46910000 21.05080000
C 18.91090000 32.56420000 21.07200000
C 58.65640000 33.77000000 21.07450000
C 20.99960000 33.86530000 21.07970000
C 8.51884000 0.28329200 20.98300000
C 11.35730000 0.37497000 20.90100000
C 10.60670000 1.58137000 20.92050000
C 13.44490000 1.66995000 20.82450000
C 12.69460000 2.87674000 20.84070000
C 15.53300000 2.96064000 20.74230000
C 14.78310000 4.16799000 20.75170000
C 17.62250000 4.24617000 20.66930000
C 16.87310000 5.45415000 20.66800000
C 19.71360000 5.52746000 20.62150000
C 18.96540000 6.73605000 20.60710000
C 21.80550000 6.80777000 20.60860000
C 21.05920000 8.01703000 20.58170000
C 23.89700000 8.09117000 20.62820000
C 23.15310000 9.30124000 20.59230000
C 25.98750000 9.37998000 20.66740000
C 25.24570000 10.59090000 20.62680000
C 28.07710000 10.67400000 20.70990000
C 27.33670000 11.88550000 20.66800000
C 30.16620000 11.97170000 20.74230000
C 29.42650000 13.18350000 20.70090000
C 32.25510000 13.27130000 20.75650000
C 31.51560000 14.48320000 20.71620000
C 34.34410000 14.57140000 20.74930000
C 33.60450000 15.78330000 20.70990000
C 36.43430000 15.87060000 20.72170000
C 35.69420000 17.08240000 20.68340000
C 38.52680000 17.16770000 20.68010000
C 37.78580000 18.37900000 20.64370000
C 40.62340000 18.46150000 20.63650000
C 39.88080000 19.67200000 20.60390000
C 42.72460000 19.75170000 20.60770000
C 41.98000000 20.96090000 20.58180000
C 44.82860000 21.03950000 20.60990000
C 44.08220000 22.24720000 20.59330000
C 46.93200000 22.32750000 20.65020000
C 46.18380000 23.53390000 20.64370000
C 49.03190000 23.61770000 20.72170000
C 48.28240000 24.82330000 20.72390000
C 51.12770000 24.91090000 20.80820000
C 50.37730000 26.11630000 20.81620000
C 53.22040000 26.20680000 20.89240000
C 52.46940000 27.41220000 20.90320000
C 55.31110000 27.50490000 20.96280000
C 54.55990000 28.71050000 20.97440000
C 16.90400000 28.80450000 21.01470000
C 56.64960000 30.01020000 21.02610000
C 18.99320000 30.10500000 21.04790000
C 12.77640000 0.41752600 20.85300000
C 15.61410000 0.50183700 20.75650000
C 14.86390000 1.70900000 20.77520000
C 17.70250000 1.78773000 20.69480000
C 16.95230000 2.99534000 20.70090000
C 19.79200000 3.06918000 20.65600000
C 19.04220000 4.27707000 20.64590000
C 21.88220000 4.34920000 20.64920000
C 21.13340000 5.55718000 20.62270000
C 23.97230000 5.63177000 20.67280000
C 23.22500000 6.83988000 20.63340000
C 26.06160000 6.91944000 20.71570000
C 25.31590000 8.12788000 20.66860000
C 28.15060000 8.21240000 20.76290000
C 27.40610000 9.42125000 20.71290000
C 30.23930000 9.50933000 20.80190000
C 29.49560000 10.71850000 20.75170000
C 32.32810000 10.80860000 20.82450000
C 31.58470000 12.01800000 20.77520000
C 34.41690000 12.10890000 20.82680000
C 33.67360000 13.31840000 20.77830000
C 36.50630000 13.40900000 20.80820000
C 35.76280000 14.61840000 20.76010000
C 38.59710000 14.70770000 20.77120000
C 37.85320000 15.91690000 20.72390000
C 40.69090000 16.00400000 20.72270000
C 39.94610000 17.21270000 20.67800000
C 42.78920000 17.29690000 20.67510000
C 42.04330000 18.50500000 20.63650000
C 44.89200000 18.58690000 20.64490000
C 44.14510000 19.79410000 20.61670000
C 46.99740000 19.87570000 20.64620000
C 46.24940000 21.08190000 20.63180000
C 49.10170000 21.16540000 20.68380000
C 48.35260000 22.37090000 20.68340000
C 51.20220000 22.45720000 20.74930000
C 50.45210000 23.66230000 20.76010000
C 53.29830000 23.75150000 20.82680000
C 52.54770000 24.95660000 20.84460000
C 14.89450000 25.04800000 20.90100000
C 54.64030000 26.25330000 20.92170000
C 16.98520000 26.34640000 20.96190000
C 17.03340000 0.53627200 20.71620000
C 19.87270000 0.61051600 20.67370000
C 19.12220000 1.81810000 20.67240000
C 21.96210000 1.89062000 20.67790000
C 21.21190000 3.09800000 20.65820000
C 24.05110000 3.17296000 20.71040000
C 23.30170000 4.38006000 20.67540000
C 26.13960000 4.46015000 20.76020000
C 25.39120000 5.66715000 20.71560000
C 28.22790000 5.75252000 20.81370000
C 27.48030000 6.95964000 20.76480000
C 30.31620000 7.04894000 20.85920000
C 29.56920000 8.25629000 20.80960000
C 32.40470000 8.34792000 20.88950000
C 31.65810000 9.55548000 20.84070000
C 34.49330000 9.64820000 20.90100000
C 33.74690000 10.85590000 20.85300000
C 36.58230000 10.94880000 20.89240000
C 35.83590000 12.15650000 20.84460000
C 38.67200000 12.24860000 20.86400000
C 37.92540000 13.45620000 20.81620000
C 40.76350000 13.54690000 20.81880000
C 40.01640000 14.75420000 20.77160000
C 42.85830000 14.84240000 20.76350000
C 42.11060000 16.04930000 20.71980000
C 44.95760000 16.13490000 20.71020000
C 44.20940000 17.34140000 20.67460000
C 47.06130000 17.42520000 20.67470000
C 46.31280000 18.63120000 20.65210000
C 49.16730000 18.71490000 20.67000000
C 48.41830000 19.92040000 20.66390000
C 51.27190000 20.00560000 20.70000000
C 50.52240000 21.21070000 20.70990000
C 12.87590000 21.29800000 20.75650000
C 52.62250000 22.50300000 20.77830000
C 14.97210000 22.59260000 20.82450000
C 21.29260000 0.63905600 20.67710000
C 24.13180000 0.71409500 20.73100000
C 23.38160000 1.92094000 20.70500000
C 26.21990000 2.00114000 20.79060000
C 25.47020000 3.20763000 20.75380000
C 28.30770000 3.29326000 20.85210000
C 27.55840000 4.49962000 20.81020000
C 30.39570000 4.58940000 20.90470000
C 29.64670000 5.79581000 20.86160000
C 32.48390000 5.88815000 20.94220000
C 31.73520000 7.09470000 20.89980000
C 34.57240000 7.18835000 20.96190000
C 33.82380000 8.39503000 20.92050000
C 36.66120000 8.48911000 20.96280000
C 35.91260000 9.69584000 20.92170000
C 38.75030000 9.78969000 20.94460000
C 38.00170000 10.99640000 20.90320000
C 40.84030000 11.08930000 20.90780000
C 40.09150000 12.29580000 20.86600000
C 42.93230000 12.38700000 20.85480000
C 42.18320000 13.59330000 20.81390000
C 45.02760000 13.68220000 20.79180000
C 44.27820000 14.88810000 20.75530000
C 47.12740000 14.97470000 20.73070000
C 46.37800000 16.18040000 20.70370000
C 49.23140000 16.26540000 20.68700000
C 48.48220000 17.47090000 20.67470000
C 10.84070000 17.55560000 20.67370000
C 50.58830000 18.76090000 20.67890000
C 12.94530000 18.84650000 20.69480000
C 25.55100000 0.74851600 20.77490000
C 28.38890000 0.83403800 20.87270000
C 27.63880000 2.04025000 20.84040000
C 30.47670000 2.13005000 20.93350000
C 29.72670000 3.33616000 20.89950000
C 32.56480000 3.42868000 20.97820000
C 31.81490000 4.63481000 20.94480000
C 34.65320000 4.72879000 21.00530000
C 33.90330000 5.93500000 20.97300000
C 36.74180000 6.02962000 21.01470000
C 35.99200000 7.23589000 20.98300000
C 38.83060000 7.33055000 21.00630000
C 38.08080000 8.53682000 20.97440000
C 40.91990000 8.63102000 20.97980000
C 40.16990000 9.83719000 20.94720000
C 43.01020000 9.93034000 20.93500000
C 42.26000000 11.13630000 20.90190000
C 45.10240000 11.22780000 20.87350000
C 44.35210000 12.43350000 20.84190000
C 47.19790000 12.52280000 20.80160000
C 46.44770000 13.72830000 20.77510000
C 8.80086000 13.81540000 20.73100000
C 48.54780000 15.02090000 20.71500000
C 10.90460000 15.10620000 20.67790000
C 29.80800000 0.87680600 20.91950000
C 32.64650000 0.96925800 20.99650000
C 31.89600000 2.17528000 20.97250000
C 34.73490000 2.26931000 21.03100000
C 33.98430000 3.47533000 21.00800000
C 36.82350000 3.57013000 21.04790000
C 36.07290000 4.77619000 21.02570000
C 38.91210000 4.87123000 21.04810000
C 38.16150000 6.07730000 21.02610000
C 41.00100000 6.17216000 21.03150000
C 40.25040000 7.37820000 21.00900000
C 43.09040000 7.47245000 20.99700000
C 42.33970000 8.67838000 20.97370000
C 45.18070000 8.77150000 20.94370000
C 44.42990000 9.97726000 20.92020000
C 6.77622000 10.06870000 20.87270000
C 46.52220000 11.27430000 20.85130000
C 8.87145000 11.36350000 20.79060000
C 34.06620000 1.01583000 21.02540000
C 36.90570000 1.11065000 21.06400000
C 36.15470000 2.31660000 21.05050000
C 38.99430000 2.41179000 21.07200000
C 38.24330000 3.61776000 21.05880000
C 41.08300000 3.71294000 21.06410000
C 40.33200000 4.91891000 21.05080000
C 43.17190000 5.01376000 21.03960000
C 42.42090000 6.21969000 21.02580000
C 4.76448000 6.31381000 20.99650000
C 44.51020000 7.51966000 20.98220000
C 6.85468000 7.61256000 20.93350000
C 38.32560000 1.15823000 21.07450000
C 41.16540000 1.25355000 21.07970000
C 40.41420000 2.45947000 21.07450000
C 2.75737000 2.55461000 21.06400000
C 42.50290000 3.76053000 21.05870000
C 4.84617000 3.85520000 21.03100000
