W 4.89563000 7.16541000 12.58920000
Se 8.66532000 7.61330000 10.94820000
Se 8.66274000 7.59568000 14.23700000
W 7.53559000 9.12419000 12.60610000
Se 11.29010000 9.57448000 10.94900000
Se 11.29710000 9.55877000 14.23810000
W 10.16450000 11.08790000 12.60640000
Se 13.92240000 11.51650000 10.94050000
Se 13.92180000 11.51400000 14.23130000
W -0.00000000 0.00000000 12.62200000
Se 3.75338000 0.45072500 10.95930000
Se 3.76984000 0.44451300 14.24590000
W 2.62761000 1.96392000 12.60610000
Se 6.39113000 2.39194000 10.93710000
Se 6.39591000 2.39474000 14.22790000
W 5.26466000 3.91394000 12.58340000
Se 9.03014000 4.33891000 10.93710000
Se 9.02533000 4.34165000 14.22790000
W 7.90584000 5.86543000 12.58340000
Se 11.65960000 6.29885000 10.94050000
Se 11.66210000 6.29968000 14.23130000
W 10.54130000 7.82546000 12.58980000
Se 14.29720000 8.25449000 10.93670000
Se 14.29720000 8.25449000 14.22850000
W 13.17250000 9.77850000 12.58600000
Se 16.94390000 10.19870000 10.94900000
Se 16.92680000 10.20050000 14.23810000
W 15.80360000 11.72170000 12.58980000
Se 19.57170000 12.15340000 10.97540000
Se 19.55820000 12.15770000 14.25880000
W 5.64394000 0.65703600 12.58920000
Se 9.40925000 1.07069000 10.94820000
Se 9.39528000 1.08174000 14.23700000
W 8.27529000 2.60235000 12.58340000
Se 12.03020000 3.02516000 10.95930000
Se 12.02730000 3.04252000 14.24590000
W 10.90620000 4.55928000 12.58920000
Se 14.65760000 4.99030000 10.94900000
Se 14.66770000 5.00421000 14.23810000
W 13.53970000 6.51848000 12.58600000
Se 17.30960000 6.94808000 10.94050000
Se 17.30770000 6.94980000 14.23130000
W 16.17940000 8.46648000 12.58600000
Se 5.66224000 8.90584000 10.95930000
Se 5.64864000 8.89470000 14.24590000
W 18.81730000 10.41680000 12.60640000
Se 8.28333000 10.87290000 10.97540000
Se 8.28636000 10.85900000 14.25880000
W 11.28260000 1.29362000 12.60610000
Se 15.03650000 1.73712000 10.97540000
Se 15.04700000 1.74667000 14.25880000
W 13.90970000 3.25877000 12.60640000
Se 3.37121000 3.69774000 10.94820000
Se 3.38777000 3.70431000 14.23700000
W 16.54670000 5.21634000 12.58980000
Se 6.02451000 5.65088000 10.93710000
Se 6.02455000 5.64534000 14.22790000
