W 7.57121000 0.33358000 24.78960000
Se 17.01790000 0.63766100 22.98830000
W 16.02500000 2.24508000 24.66520000
W 18.92900000 0.66398300 24.63810000
Se 17.05290000 0.63385200 26.32540000
W 30.28700000 0.78452800 24.59510000
Se 39.74930000 0.84372700 22.92620000
W 38.75200000 2.47214000 24.59100000
W 41.64160000 0.84829300 24.59610000
Se 39.74750000 0.84994100 26.26330000
W 52.99070000 0.98419100 24.64600000
Se 62.46560000 1.26060000 23.10590000
W 61.42940000 2.87178000 24.75380000
W 64.33570000 1.34374000 24.79920000
Se 62.42130000 1.27411000 26.44210000
Se 5.66118232 0.25721300 23.14440000
W 4.65778232 1.85257000 24.81970000
Se 5.69558232 0.25508400 26.48070000
Se 2.75493000 1.76393000 23.16570000
W 1.89280000 0.08653710 24.84160000
W 72.77662768 3.36449000 24.83060000
Se 2.77403000 1.77379000 26.50210000
Se 73.64111768 5.03093000 23.14450000
Se 5.37541000 6.78929000 23.10590000
Se 5.51446000 3.52416000 23.13410000
Se 8.28404000 5.27516000 23.08790000
W 4.51238000 5.12819000 24.79920000
W 75.40978768 8.40067000 24.76300000
W 7.28882000 6.88105000 24.75380000
W 7.42660000 3.60967000 24.77980000
Se 73.66075768 5.05972000 26.48080000
Se 5.40928000 6.82094000 26.44210000
Se 5.54961000 3.54122000 26.47030000
Se 8.32869000 5.29528000 26.42420000
Se 76.28402768 10.05360000 23.06620000
Se 8.04785000 11.79690000 23.02240000
Se 8.15708000 8.53723000 23.05770000
Se 10.95520000 10.27040000 23.00950000
W 7.16455000 10.14740000 24.71790000
W 78.09167768 13.40890000 24.68030000
W 9.96571000 11.87810000 24.67340000
W 10.07630000 8.61808000 24.70340000
Se 76.31437768 10.09240000 26.40270000
Se 8.08172000 11.82810000 26.35920000
Se 8.19781000 8.56642000 26.39420000
Se 10.99510000 10.29290000 26.34630000
Se 78.99149768 15.05470000 22.98930000
Se 10.78480000 16.77770000 22.96130000
Se 10.86110000 13.52570000 22.98300000
Se 13.68690000 15.23930000 22.95210000
W 9.87350000 15.13300000 24.64600000
W 80.83193768 18.38420000 24.62470000
W 12.70010000 16.84300000 24.61940000
W 12.77960000 13.59280000 24.63590000
Se 79.01671768 15.08230000 26.32630000
Se 10.80710000 16.79390000 26.29830000
Se 10.89260000 13.54640000 26.31990000
Se 13.71320000 15.24980000 26.28900000
Se 81.75661768 20.02720000 22.94570000
Se 13.56730000 21.73250000 22.93400000
Se 13.62120000 18.48740000 22.94080000
Se 16.46340000 20.18590000 22.92620000
W 12.63530000 20.08990000 24.60850000
W 83.61501768 23.33480000 24.60170000
W 15.47850000 21.78650000 24.59710000
W 15.53530000 18.54160000 24.60040000
Se 81.77041768 20.03870000 26.28280000
Se 13.57880000 21.73610000 26.27110000
Se 13.63960000 18.49380000 26.27780000
Se 16.47880000 20.18530000 26.26320000
Se 84.55461768 24.97590000 22.93020000
Se 16.37260000 26.67070000 22.92620000
Se 16.41500000 23.42920000 22.92560000
Se 19.26450000 25.12010000 22.91840000
W 15.43030000 25.02950000 24.59610000
W 86.42061768 28.27170000 24.59590000
W 18.28150000 26.72010000 24.59100000
W 18.32560000 23.47690000 24.58840000
Se 84.56061768 24.97820000 26.26730000
Se 16.37880000 26.66910000 26.26330000
Se 16.42540000 23.42740000 26.26260000
Se 19.27460000 25.11490000 26.25540000
Se 87.36641768 29.91140000 22.92700000
Se 19.18620000 31.60290000 22.92520000
Se 19.22450000 28.36200000 22.92190000
Se 22.07620000 30.05220000 22.91690000
W 18.24050000 29.96210000 24.59360000
W 89.23321768 33.20350000 24.59580000
W 21.09350000 31.65230000 24.59030000
W 21.13330000 28.40880000 24.58550000
Se 87.36901768 29.91090000 26.26410000
Se 19.19010000 31.59980000 26.26230000
Se 19.23160000 28.35760000 26.25900000
Se 22.08370000 30.04570000 26.25390000
Se 90.18001768 34.84370000 22.92800000
Se 21.99770000 36.53840000 22.92850000
Se 22.03820000 33.29550000 22.92250000
Se 24.88790000 34.99150000 22.92010000
W 21.05250000 34.89490000 24.59510000
W 92.04041768 38.13700000 24.60030000
W 23.90230000 36.59010000 24.59490000
W 23.94490000 33.34450000 24.58670000
Se 90.18021768 34.84190000 26.26520000
Se 21.99800000 36.53280000 26.26560000
Se 22.04270000 33.28960000 26.25960000
Se 24.89160000 34.98220000 26.25710000
Se 92.98511768 39.78190000 22.93570000
Se 24.79530000 41.48700000 22.94420000
Se 24.84540000 38.23890000 22.93050000
Se 27.68740000 39.94800000 22.93640000
W 23.85350000 39.83490000 24.60520000
W 94.82801768 43.08010000 24.61900000
W 26.69370000 41.54120000 24.61460000
W 26.74760000 38.29140000 24.59710000
Se 92.97971768 39.77570000 26.27290000
Se 24.78720000 41.47330000 26.28140000
Se 24.84420000 38.22800000 26.26760000
Se 27.68310000 39.93000000 26.27350000
Se 95.76701768 44.73680000 22.96270000
Se 27.55980000 46.45960000 22.98830000
Se 27.63090000 43.20310000 22.95890000
Se 30.45480000 44.93200000 22.98080000
W 26.62700000 44.79140000 24.63810000
W 97.57731768 48.04380000 24.66780000
W 29.44830000 46.51580000 24.66520000
W 29.52490000 43.25830000 24.63060000
Se 95.75011768 44.71950000 26.29990000
Se 27.53900000 46.43130000 26.32540000
Se 27.61930000 43.17980000 26.29600000
Se 30.44060000 44.89810000 26.31780000
Se 98.50331768 49.71800000 23.02340000
Se 30.26650000 51.46150000 23.06570000
Se 30.37110000 48.19670000 23.02140000
Se 33.16520000 49.94630000 23.05710000
W 29.35280000 49.77540000 24.70580000
W 100.27091768 53.03910000 24.74700000
W 32.14740000 51.52190000 24.74600000
W 32.25620000 48.25390000 24.69780000
Se 98.47301768 49.68720000 26.36030000
Se 30.23850000 51.42260000 26.40230000
Se 30.34970000 48.15760000 26.35820000
Se 33.14890000 49.89970000 26.39370000
Se 101.17491768 54.72650000 23.10630000
Se 32.90870000 56.48510000 23.14440000
Se 33.04560000 53.21670000 23.10560000
Se 35.81130000 54.97870000 23.13410000
W 32.01980000 54.79270000 24.78960000
W 102.91171768 58.06700000 24.81990000
W 34.79200000 56.55640000 24.81970000
W 34.92930000 53.27990000 24.77980000
Se 101.14241768 54.69540000 26.44260000
Se 32.88960000 56.45630000 26.48070000
Se 33.02730000 53.17480000 26.44190000
Se 35.80850000 54.93970000 26.47030000
Se 103.79471768 59.75250000 23.16580000
Se -0.00000884 0.00000219 23.17690000
Se 35.66670000 58.24860000 23.16570000
Se 38.42150000 60.01260000 23.16580000
W 34.64510000 59.83390000 24.84160000
W 70.01170884 1.59590219 24.84160000
W 37.55840000 58.32410000 24.83060000
Se 103.77571768 59.74280000 26.50210000
Se -0.00000884 0.00000219 26.51330000
Se 35.66560000 58.22710000 26.50210000
Se 38.43940000 60.00100000 26.50210000
Se 70.88280884 3.26770219 23.16580000
W 72.63340884 6.64150219 24.79960000
Se 70.88390884 3.28900219 26.50210000
Se 73.50420884 8.29870219 23.10640000
Se 73.52380884 8.34010219 26.44270000
Se 8.42318000 2.00998000 23.10560000
Se 11.19560000 3.74873000 23.05710000
Se 11.33280000 0.48078500 23.06570000
Se 14.10800000 2.20378000 23.02140000
W 10.34000000 2.07955000 24.74600000
W 10.20290000 5.35193000 24.72990000
W 13.11580000 3.80771000 24.69780000
W 13.24980000 0.53252200 24.70580000
Se 8.46863000 2.01505000 26.44190000
Se 11.24420000 3.75797000 26.39370000
Se 11.38040000 0.47601200 26.40230000
Se 14.15250000 2.20482000 26.35820000
Se 11.06780000 7.01158000 23.03640000
Se 13.86610000 8.73090000 22.98890000
Se 13.98080000 5.46996000 23.00840000
Se 16.77780000 7.17366000 22.96670000
W 12.98930000 7.07601000 24.67970000
W 12.87610000 10.33750000 24.65710000
W 15.78640000 8.78219000 24.63660000
W 15.90040000 5.51710000 24.65340000
Se 11.11370000 7.03056000 26.37300000
Se 13.90660000 8.74569000 26.32580000
Se 14.02490000 5.48039000 26.34520000
Se 16.81320000 7.18309000 26.30370000
Se 13.76790000 11.98730000 22.96860000
Se 16.59110000 13.68900000 22.93790000
Se 16.67630000 10.43370000 22.95090000
Se 19.49470000 12.12270000 22.92350000
W 15.68720000 12.04070000 24.62020000
W 15.60390000 15.29340000 24.60780000
W 18.50700000 13.73090000 24.59350000
W 18.59320000 10.47340000 24.60400000
Se 13.80200000 12.00140000 26.30560000
Se 16.61780000 13.69530000 26.27490000
Se 16.70830000 10.44320000 26.28790000
Se 19.51820000 12.12750000 26.26050000
Se 16.52100000 16.93960000 22.92980000
Se 19.35950000 18.62930000 22.91420000
Se 19.42060000 15.37840000 22.91650000
Se 22.25340000 17.05880000 22.90170000
W 18.43540000 16.98330000 24.58800000
W 18.37590000 20.23160000 24.58690000
W 21.27110000 18.66580000 24.57410000
W 21.33290000 15.41180000 24.57530000
Se 16.54190000 16.94190000 26.26670000
Se 19.37620000 18.62630000 26.25110000
Se 19.44080000 15.37890000 26.25330000
Se 22.26860000 17.05610000 26.23860000
Se 19.30850000 21.87620000 22.91550000
Se 22.15440000 23.56120000 22.90660000
Se 22.19990000 20.31190000 22.90280000
Se 25.04040000 21.99040000 22.89400000
W 21.21930000 21.91610000 24.57650000
W 21.17430000 25.16350000 24.58070000
W 24.06330000 23.59770000 24.56790000
W 24.10880000 20.34390000 24.56390000
Se 19.32180000 21.87140000 26.25240000
Se 22.16630000 23.55420000 26.24340000
Se 22.21340000 20.30620000 26.23960000
Se 25.05140000 21.98390000 26.23070000
Se 22.11410000 26.80770000 22.91150000
Se 24.96240000 28.49470000 22.90480000
Se 24.99970000 25.24380000 22.89870000
Se 27.84300000 26.92680000 22.89230000
W 24.02260000 26.84880000 24.57340000
W 23.98400000 30.09760000 24.57970000
W 26.86880000 28.53490000 24.56690000
W 26.90600000 25.27880000 24.56070000
Se 22.12400000 26.80060000 26.24850000
Se 24.97130000 28.48640000 26.24170000
Se 25.00990000 25.23600000 26.23560000
Se 27.85060000 26.91880000 26.22900000
Se 24.92600000 31.74370000 22.91180000
Se 27.77250000 33.43900000 22.90810000
Se 27.80810000 30.18360000 22.89920000
Se 30.64950000 31.87710000 22.89640000
W 26.83190000 31.78890000 24.57450000
W 26.79250000 35.04090000 24.58430000
W 29.67490000 33.48480000 24.57200000
W 29.71110000 30.22430000 24.56240000
Se 24.93290000 31.73510000 26.24880000
Se 27.77700000 33.42790000 26.24510000
Se 27.81470000 30.17430000 26.23610000
Se 30.65210000 31.86630000 26.23320000
Se 27.73330000 36.69360000 22.92000000
Se 30.57170000 38.40410000 22.92460000
Se 30.61350000 35.14070000 22.90790000
Se 33.44620000 36.85120000 22.91290000
W 29.63420000 36.74370000 24.58530000
W 29.58550000 40.00130000 24.60430000
W 32.46750000 38.45540000 24.59170000
W 32.51100000 35.18800000 24.57380000
Se 27.73440000 36.67970000 26.25700000
Se 30.56880000 38.38450000 26.26160000
Se 30.61400000 35.12630000 26.24480000
Se 33.44200000 36.83280000 26.24980000
Se 30.52020000 41.66780000 22.94840000
Se 33.34020000 43.39960000 22.96670000
Se 33.39960000 40.12520000 22.93510000
Se 36.21420000 41.85740000 22.95090000
W 32.41340000 41.72180000 24.61770000
W 32.34420000 44.98770000 24.65340000
W 35.22890000 43.45390000 24.63660000
W 35.29010000 40.17760000 24.60400000
Se 30.51250000 41.64120000 26.28540000
Se 33.33060000 43.36420000 26.30370000
Se 33.39310000 40.09890000 26.27210000
Se 36.20650000 41.82500000 26.28790000
Se 33.26320000 46.67370000 23.00840000
Se 36.05480000 48.42560000 23.03640000
Se 36.14460000 45.14250000 22.98890000
Se 38.93330000 46.89370000 23.00950000
W 35.14990000 46.72940000 24.67970000
W 35.05000000 50.00450000 24.72990000
W 37.94180000 48.48100000 24.70340000
W 38.03100000 45.19660000 24.65710000
Se 33.25020000 46.63020000 26.34520000
Se 36.04830000 48.37640000 26.37300000
Se 36.13720000 45.10010000 26.32580000
Se 38.93290000 46.84790000 26.34630000
Se 35.94290000 51.70460000 23.08790000
Se 38.70850000 53.46650000 23.10590000
Se 38.83140000 50.18350000 23.05770000
Se 41.59770000 51.94210000 23.06620000
W 37.83130000 51.76360000 24.75380000
W 37.70150000 55.04450000 24.79920000
W 40.60330000 53.52570000 24.76300000
W 40.72210000 50.23800000 24.71790000
Se 35.93800000 51.65590000 26.42420000
Se 38.71900000 53.42130000 26.44210000
Se 38.83630000 50.13370000 26.39420000
Se 41.61610000 51.89640000 26.40270000
Se 38.56940000 56.74230000 23.14450000
Se 41.32540000 58.50330000 23.13460000
Se 41.46780000 55.22690000 23.10640000
Se 44.22630000 56.98070000 23.08960000
W 40.46800000 56.80970000 24.79960000
W 40.32270000 60.09060000 24.81990000
W 43.23230000 58.56950000 24.78070000
W 43.37000000 55.28440000 24.75510000
Se 38.58450000 56.71080000 26.48080000
Se 41.35700000 58.48140000 26.47080000
Se 41.49390000 55.18930000 26.44270000
Se 44.26420000 56.95230000 26.42600000
Se 44.08400000 60.25680000 23.10630000
W 45.99740000 60.31760000 24.74700000
Se 44.12720000 60.24420000 26.44260000
Se 16.89340000 3.90858000 22.98080000
Se 19.68750000 5.59736000 22.94840000
Se 19.80260000 2.32752000 22.95890000
Se 22.59330000 4.00398000 22.93640000
W 18.80780000 3.94016000 24.63060000
W 18.69420000 7.20993000 24.61770000
W 21.59810000 5.62116000 24.60430000
W 21.71040000 2.34677000 24.61460000
Se 16.92980000 3.91329000 26.31780000
Se 19.71440000 5.60397000 26.28540000
Se 19.82860000 2.32906000 26.29600000
Se 22.61110000 4.00932000 26.27350000
Se 19.58380000 8.86235000 22.93510000
Se 22.39580000 10.53970000 22.91290000
Se 22.48820000 7.27377000 22.92460000
Se 25.29350000 8.94169000 22.90790000
W 21.49590000 8.89001000 24.59170000
W 21.40730000 12.15340000 24.58120000
W 24.30380000 10.56140000 24.57380000
W 24.39490000 7.29211000 24.58530000
Se 19.60970000 8.86983000 26.27210000
Se 22.41390000 10.54530000 26.24980000
Se 22.50670000 7.28116000 26.26160000
Se 25.30570000 8.94931000 26.24480000
Se 22.31790000 13.80140000 22.90490000
Se 25.14360000 15.47350000 22.89230000
Se 25.21170000 12.20940000 22.89790000
Se 28.02970000 13.87490000 22.88780000
W 24.22650000 13.82620000 24.56590000
W 24.16220000 17.08690000 24.56280000
W 27.04870000 15.49500000 24.55550000
W 27.11610000 12.22760000 24.56160000
Se 22.33470000 13.80300000 26.24170000
Se 25.15550000 15.47340000 26.22910000
Se 25.22400000 12.21370000 26.23480000
Se 28.03800000 13.87850000 26.22450000
Se 25.08740000 18.73380000 22.89140000
Se 27.92120000 20.40660000 22.88390000
Se 27.97020000 17.14230000 22.88370000
Se 30.79650000 18.81080000 22.87800000
W 26.99300000 18.75910000 24.55400000
W 26.94650000 22.02030000 24.55610000
W 29.82360000 20.43130000 24.54790000
W 29.87210000 17.16270000 24.54850000
Se 25.09890000 18.72980000 26.22810000
Se 27.92950000 20.40240000 26.22050000
Se 27.97860000 17.14160000 26.22040000
Se 30.80190000 18.81010000 26.21460000
Se 27.87970000 23.66790000 22.88700000
Se 30.71670000 25.34720000 22.88230000
Se 30.75360000 22.08000000 22.87880000
Se 33.58330000 23.75710000 22.87650000
W 29.78260000 23.69760000 24.55040000
W 29.74610000 26.96190000 24.55540000
W 32.61550000 25.37830000 24.54760000
W 32.65240000 22.10590000 24.54430000
Se 27.88790000 23.66140000 26.22370000
Se 30.72130000 25.34100000 26.21900000
Se 30.75860000 22.07610000 26.21540000
Se 33.58450000 23.75320000 26.21310000
Se 30.68290000 28.61280000 22.88820000
Se 33.51770000 30.30450000 22.88780000
Se 33.54970000 27.03110000 22.88090000
Se 36.37710000 28.72230000 22.88370000
W 32.58170000 28.64950000 24.55320000
W 32.54790000 31.91940000 24.56160000
W 35.41120000 30.34400000 24.55550000
W 35.44380000 27.06500000 24.54850000
Se 30.68680000 28.60450000 26.22490000
Se 33.51670000 30.29550000 26.22450000
Se 33.54990000 27.02480000 26.21760000
Se 36.37230000 28.71540000 26.22040000
Se 33.48430000 33.57770000 22.89790000
Se 36.31000000 35.28780000 22.90490000
Se 36.34520000 32.00470000 22.89230000
Se 39.16320000 33.71500000 22.90170000
W 35.37710000 33.62250000 24.56590000
W 35.33800000 36.90040000 24.58120000
W 38.19710000 35.33570000 24.57530000
W 38.23300000 32.04780000 24.56280000
Se 33.48190000 33.56500000 26.23480000
Se 36.30290000 35.27250000 26.24170000
Se 36.33910000 31.99440000 26.22910000
Se 39.15320000 33.70320000 26.23860000
Se 36.26780000 38.57210000 22.92350000
Se 39.07600000 40.30360000 22.93790000
Se 39.12430000 37.00850000 22.91650000
Se 41.92610000 38.73900000 22.92980000
W 38.15430000 38.62340000 24.59350000
W 38.10050000 41.91060000 24.62020000
W 40.95900000 40.35630000 24.60780000
W 41.00680000 37.05930000 24.58800000
Se 36.26010000 38.54940000 26.26050000
Se 39.06810000 40.27730000 26.27490000
Se 39.11470000 36.99070000 26.25330000
Se 41.91760000 38.71970000 26.26670000
Se 39.01380000 43.59940000 22.96860000
Se 41.79950000 45.34760000 22.98300000
Se 41.87070000 42.04350000 22.95210000
Se 44.65400000 43.78760000 22.96130000
W 40.89840000 43.65250000 24.63590000
W 40.82040000 46.94680000 24.67340000
W 43.68530000 45.39920000 24.64600000
W 43.75300000 42.09630000 24.61940000
Se 39.00900000 43.56280000 26.30560000
Se 41.80180000 45.31000000 26.31990000
Se 41.86660000 42.01550000 26.28900000
Se 44.65690000 43.76020000 26.29830000
Se 41.70900000 48.64830000 23.02240000
Se 44.47680000 50.40050000 23.02370000
Se 44.57500000 47.09680000 22.98930000
Se 47.34550000 48.84090000 22.98600000
W 43.59970000 48.69890000 24.68030000
W 43.49410000 51.99430000 24.71900000
W 46.37220000 50.44660000 24.67610000
W 46.46420000 47.14450000 24.64750000
Se 41.71910000 48.60340000 26.35920000
Se 44.49750000 50.36010000 26.36050000
Se 44.58630000 47.06120000 26.32630000
Se 47.36430000 48.80950000 26.32310000
Se 44.35930000 53.69570000 23.05960000
Se 47.12150000 55.43860000 23.04030000
Se 47.24210000 52.14450000 23.01350000
Se 50.00930000 53.87510000 22.99580000
W 46.26150000 53.74300000 24.70670000
W 46.13470000 57.03340000 24.73250000
W 49.02770000 55.47850000 24.68510000
W 49.14150000 52.18340000 24.66290000
Se 44.38940000 53.65730000 26.39620000
Se 47.15810000 55.40880000 26.37710000
Se 47.27000000 52.11070000 26.35050000
Se 50.03900000 53.84840000 26.33300000
Se 46.98840000 58.72240000 23.05950000
Se 49.75730000 60.44740000 23.02340000
Se 49.88810000 57.16610000 23.01380000
Se 52.66070000 58.87580000 22.98640000
W 48.90060000 58.76700000 24.70100000
W 51.67020000 60.48260000 24.66780000
W 51.79560000 57.19700000 24.66030000
Se 47.03180000 58.70320000 26.39610000
Se 49.79920000 60.43660000 26.36030000
Se 49.92460000 57.14500000 26.35080000
Se 52.69190000 58.86270000 26.32360000
Se 22.70660000 0.72989400 22.94420000
Se 25.49440000 2.39729000 22.93050000
Se 28.39100000 0.78141900 22.92850000
W 24.60820000 0.74025600 24.60520000
W 24.49790000 4.01836000 24.59710000
W 27.39390000 2.40498000 24.59490000
Se 22.72240000 0.72970400 26.28140000
Se 25.50450000 2.40171000 26.26760000
Se 28.39570000 0.78448100 26.26560000
Se 25.38880000 5.67098000 22.92000000
Se 28.18770000 7.33218000 22.90810000
Se 28.28550000 4.05782000 22.92010000
Se 31.07910000 5.71470000 22.91180000
W 27.29050000 5.68254000 24.58430000
W 27.19680000 8.95679000 24.57200000
W 30.08710000 7.34265000 24.57450000
W 30.18340000 4.06458000 24.58670000
Se 25.40030000 5.67885000 26.25700000
Se 28.19510000 7.34164000 26.24510000
Se 28.29170000 4.06567000 26.25710000
Se 31.08310000 5.72499000 26.24880000
Se 28.10190000 10.60470000 22.89640000
Se 30.91220000 12.26580000 22.88820000
Se 30.98920000 8.99072000 22.89920000
Se 33.79220000 10.64930000 22.89230000
W 30.00240000 10.61840000 24.56240000
W 29.93100000 13.89180000 24.55320000
W 32.81030000 12.27990000 24.55540000
W 32.88670000 9.00157000 24.56690000
Se 28.10990000 10.61230000 26.23320000
Se 30.91740000 12.27330000 26.22490000
Se 30.99400000 9.00106000 26.23610000
Se 33.79540000 10.66000000 26.22900000
Se 30.84850000 15.53930000 22.88090000
Se 33.66720000 17.20550000 22.87650000
Se 33.72330000 13.92780000 22.88230000
Se 36.53440000 15.59330000 22.87880000
W 32.74700000 15.55670000 24.54760000
W 32.69520000 18.83200000 24.54400000
W 35.56260000 17.22480000 24.54430000
W 35.61900000 13.94360000 24.55040000
Se 30.85390000 15.54260000 26.21760000
Se 33.66990000 17.20840000 26.21310000
Se 33.72640000 13.93490000 26.21900000
Se 36.53520000 15.59970000 26.21540000
Se 33.62140000 20.48190000 22.87480000
Se 36.44360000 22.15840000 22.87480000
Se 36.48440000 18.87610000 22.87480000
Se 39.29910000 20.55390000 22.87650000
W 35.51650000 20.50550000 24.54240000
W 35.47790000 23.78550000 24.54400000
W 38.33460000 22.18570000 24.54430000
W 38.37640000 18.89890000 24.54400000
Se 33.62350000 20.48110000 26.21140000
Se 36.44190000 22.15710000 26.21140000
Se 36.48410000 18.87830000 26.21140000
Se 39.29520000 20.55480000 26.21310000
Se 36.40890000 25.44040000 22.87800000
Se 39.22850000 27.13270000 22.88390000
Se 39.26160000 23.84300000 22.87880000
Se 42.07370000 25.53790000 22.88700000
W 38.29870000 25.47280000 24.54790000
W 38.26590000 28.76020000 24.55400000
W 41.11340000 27.16990000 24.55610000
W 41.14800000 23.87510000 24.55040000
Se 36.40560000 25.43620000 26.21460000
Se 39.22070000 27.12750000 26.22050000
Se 39.25570000 23.84060000 26.21540000
Se 42.06390000 25.53400000 26.22370000
Se 39.19680000 30.42320000 22.89140000
Se 42.00720000 32.13480000 22.90280000
Se 42.04060000 28.83560000 22.89400000
Se 44.84390000 30.54950000 22.90660000
W 41.08040000 30.46560000 24.56390000
W 41.04600000 33.76220000 24.57410000
W 43.88680000 32.18190000 24.57650000
W 43.92110000 28.87820000 24.56790000
Se 39.18750000 30.41520000 26.22810000
Se 41.99550000 32.12590000 26.23960000
Se 42.02940000 28.82940000 26.23070000
Se 44.83190000 30.54270000 26.24340000
Se 41.97020000 35.43590000 22.91420000
Se 44.76630000 37.16570000 22.92620000
Se 44.80760000 33.85660000 22.91550000
Se 47.59930000 35.58600000 22.92560000
W 43.84960000 35.48660000 24.58690000
W 43.80630000 38.79170000 24.60040000
W 46.64490000 37.21830000 24.59710000
W 46.68530000 33.90750000 24.58840000
Se 41.95930000 35.42300000 26.25110000
Se 44.75820000 37.15270000 26.26320000
Se 44.79670000 33.84750000 26.25240000
Se 47.59250000 35.57790000 26.26260000
Se 44.71650000 40.47640000 22.94080000
Se 47.49880000 42.21590000 22.94570000
Se 47.55380000 38.90050000 22.93400000
Se 50.33660000 40.63520000 22.93530000
W 46.59720000 40.52890000 24.60850000
W 46.53830000 43.83820000 24.62470000
W 49.38200000 42.26540000 24.60980000
W 49.43400000 38.95260000 24.60170000
Se 44.71280000 40.45720000 26.27780000
Se 47.50180000 42.19820000 26.28280000
Se 47.55120000 38.88880000 26.27110000
Se 50.34000000 40.62530000 26.27250000
Se 47.43050000 45.53020000 22.96270000
Se 50.20480000 47.26550000 22.95690000
Se 50.27750000 43.95160000 22.94360000
Se 53.05700000 45.67810000 22.93660000
W 49.31800000 45.57580000 24.62240000
W 49.23850000 48.88220000 24.64060000
W 52.09540000 47.30320000 24.61470000
W 52.16400000 43.99510000 24.60500000
Se 47.44070000 45.50530000 26.29980000
Se 50.21990000 47.24370000 26.29410000
Se 50.28630000 43.93610000 26.28080000
Se 53.06820000 45.66450000 26.27390000
Se 50.11570000 50.57430000 22.97520000
Se 52.88880000 52.29280000 22.96140000
Se 52.98100000 48.98850000 22.94710000
Se 55.76050000 50.69640000 22.93760000
W 52.01140000 50.60690000 24.62900000
W 51.91090000 53.90500000 24.64570000
W 54.78540000 52.31590000 24.61710000
W 54.87330000 49.01680000 24.60540000
Se 50.13780000 50.54780000 26.31240000
Se 52.90950000 52.27140000 26.29870000
Se 52.99660000 48.96980000 26.28450000
Se 55.77330000 50.68040000 26.27500000
Se 52.78090000 55.58890000 22.97610000
Se 55.55720000 57.28560000 22.95870000
Se 55.66590000 53.99490000 22.94890000
Se 58.44640000 55.68130000 22.94000000
W 54.68240000 55.60970000 24.62920000
W 54.56720000 58.89800000 24.63740000
W 57.45730000 57.29860000 24.61620000
W 57.56200000 54.00910000 24.60790000
Se 52.80700000 55.56930000 26.31340000
Se 55.57710000 57.27250000 26.29600000
Se 55.68190000 53.97820000 26.28630000
Se 58.45690000 55.66930000 26.27730000
Se 55.43930000 60.56830000 22.96270000
Se 58.33770000 58.96690000 22.94540000
Se 61.12130000 60.63650000 22.93570000
W 57.34350000 60.58340000 24.61900000
W 60.23600000 58.97450000 24.60690000
Se 55.46270000 60.56220000 26.29990000
Se 58.35090000 58.96000000 26.28260000
Se 61.12940000 60.63490000 26.27290000
Se 31.17920000 2.43791000 22.92250000
Se 33.96900000 4.09241000 22.91690000
Se 34.07100000 0.81427200 22.92520000
Se 36.85860000 2.46796000 22.92190000
W 33.07450000 2.44136000 24.59030000
W 32.97570000 5.72197000 24.57970000
W 35.86370000 4.09759000 24.58550000
W 35.96480000 0.81571000 24.59360000
Se 31.18200000 2.44475000 26.25960000
Se 33.97080000 4.10225000 26.25390000
Se 34.07180000 0.81919600 26.26230000
Se 36.85880000 2.47629000 26.25900000
Se 33.87470000 7.37072000 22.90480000
Se 36.67140000 9.02843000 22.89870000
Se 36.75980000 5.74749000 22.91150000
Se 39.55120000 7.40569000 22.90660000
W 35.77000000 7.37978000 24.57340000
W 35.68790000 10.66190000 24.56070000
W 38.56520000 9.04054000 24.56790000
W 38.65360000 5.75573000 24.58070000
Se 33.87740000 7.38260000 26.24170000
Se 36.67300000 9.04115000 26.23560000
Se 36.76100000 5.75963000 26.24850000
Se 39.55130000 7.41943000 26.24340000
Se 36.59610000 12.31060000 22.88700000
Se 39.39980000 13.97720000 22.88390000
Se 39.46850000 10.69040000 22.89400000
Se 42.26540000 12.35940000 22.89140000
W 38.48960000 12.32620000 24.55610000
W 38.42720000 15.61230000 24.54790000
W 41.29060000 13.99710000 24.55400000
W 41.36030000 10.70690000 24.56390000
Se 36.59770000 12.32090000 26.22370000
Se 39.39930000 13.98650000 26.22050000
Se 39.46880000 10.70320000 26.23070000
Se 42.26310000 12.37140000 26.22810000
Se 39.34410000 17.26520000 22.87800000
Se 42.15130000 18.94590000 22.88090000
Se 42.20230000 15.65180000 22.88370000
Se 45.00220000 17.33700000 22.88780000
W 41.23360000 17.28860000 24.54850000
W 41.18700000 20.58140000 24.54760000
W 44.03690000 18.97510000 24.55320000
W 44.08960000 15.67740000 24.55550000
Se 39.34210000 17.27020000 26.21460000
Se 42.14570000 18.94890000 26.21760000
Se 42.19870000 15.65940000 26.22040000
Se 44.99490000 17.34230000 26.22450000
Se 42.10950000 22.24140000 22.88230000
Se 44.91430000 23.94030000 22.89230000
Se 44.95450000 20.63780000 22.88820000
Se 47.75220000 22.34200000 22.89920000
W 43.99320000 22.27460000 24.55540000
W 43.95560000 25.57570000 24.56070000
W 46.79410000 23.97990000 24.56690000
W 46.83600000 20.67360000 24.56240000
Se 42.10180000 22.24050000 26.21900000
Se 44.90350000 23.93770000 26.22900000
Se 44.94530000 20.63860000 26.22490000
Se 47.74090000 22.34100000 26.23610000
Se 44.87850000 27.24410000 22.89870000
Se 47.67560000 28.96120000 22.91150000
Se 47.71250000 25.65100000 22.90480000
Se 50.50440000 27.37180000 22.91690000
W 46.75690000 27.28780000 24.57340000
W 46.72160000 30.59710000 24.58070000
W 49.55260000 29.01010000 24.58550000
W 49.58980000 25.69680000 24.57970000
Se 44.86660000 27.23920000 26.23560000
Se 47.66450000 28.95610000 26.24850000
Se 47.70080000 25.64740000 26.24170000
Se 50.49490000 27.36850000 26.25390000
Se 47.63890000 32.27280000 22.91840000
Se 50.42770000 34.00200000 22.92620000
Se 50.46640000 30.68650000 22.92190000
Se 53.25390000 32.41550000 22.92700000
W 49.51610000 32.32410000 24.59100000
W 49.47760000 35.63860000 24.59610000
W 52.30670000 34.05450000 24.59590000
W 52.34420000 30.73860000 24.59360000
Se 47.62940000 32.26660000 26.25540000
Se 50.42320000 33.99740000 26.26330000
Se 50.45910000 30.68250000 26.25900000
Se 53.25210000 32.41350000 26.26410000
Se 50.38540000 37.31840000 22.93020000
Se 53.17020000 39.04830000 22.92850000
Se 53.21410000 35.73190000 22.92780000
Se 56.00210000 37.45730000 22.92370000
W 52.26620000 37.36970000 24.59750000
W 52.21980000 40.68350000 24.59990000
W 55.05420000 39.09510000 24.59330000
W 55.09620000 35.78240000 24.59450000
Se 50.38450000 37.31200000 26.26730000
Se 53.17440000 39.04370000 26.26570000
Se 53.21530000 35.72930000 26.26500000
Se 56.00740000 37.45620000 26.26100000
Se 53.11900000 42.36400000 22.93080000
Se 55.90430000 44.08240000 22.92350000
Se 55.95730000 40.77060000 22.92240000
Se 58.74890000 42.48160000 22.91500000
W 55.00520000 42.40560000 24.59360000
W 54.94590000 45.71310000 24.59730000
W 57.79260000 44.11520000 24.58630000
W 57.84410000 40.81020000 24.58610000
Se 53.12650000 42.35570000 26.26810000
Se 55.91270000 44.07480000 26.26080000
Se 55.96420000 40.76700000 26.25960000
Se 58.75570000 42.47790000 26.25230000
Se 55.83960000 47.39160000 22.92850000
Se 58.62600000 49.09060000 22.92240000
Se 58.69370000 45.78770000 22.91670000
Se 61.48710000 47.47930000 22.91280000
W 57.72980000 47.41700000 24.59030000
W 57.65330000 50.71510000 24.59810000
W 60.51650000 49.10680000 24.58610000
W 60.58310000 45.81120000 24.58080000
Se 55.84990000 47.37930000 26.26580000
Se 58.63310000 49.07900000 26.25970000
Se 58.70040000 45.77990000 26.25400000
Se 61.49090000 47.47090000 26.25010000
Se 58.54350000 52.38900000 22.93100000
Se 61.32890000 54.06780000 22.92790000
Se 61.41520000 50.77570000 22.91960000
Se 64.20620000 52.44910000 22.91980000
W 60.43590000 52.39940000 24.59420000
W 60.34150000 55.68870000 24.60230000
W 63.22100000 54.07210000 24.59330000
W 63.30590000 50.78430000 24.58520000
Se 58.55190000 52.37540000 26.26840000
Se 61.33330000 54.05690000 26.26520000
Se 61.41890000 50.76470000 26.25690000
Se 64.20730000 52.43930000 26.25700000
Se 61.22950000 57.35480000 22.93440000
Se 64.01430000 59.01870000 22.93080000
Se 64.11570000 55.73590000 22.92710000
Se 66.90330000 57.39630000 22.92730000
W 63.12380000 57.35760000 24.59930000
W 63.01820000 60.64080000 24.60030000
W 65.90830000 59.01930000 24.59750000
W 66.00790000 55.73630000 24.59390000
Se 61.23550000 57.34730000 26.27160000
Se 64.01740000 59.01560000 26.26800000
Se 64.11740000 55.72800000 26.26440000
Se 66.90360000 57.39170000 26.26450000
Se 66.80050000 60.67630000 22.92800000
W 68.69440000 60.67650000 24.59580000
Se 66.80200000 60.67740000 26.26520000
Se 39.64620000 4.12351000 22.91840000
Se 42.43340000 5.78358000 22.91550000
Se 42.53520000 2.50120000 22.92560000
Se 45.31980000 4.16479000 22.92620000
W 41.53860000 4.13203000 24.58840000
W 41.44350000 7.41840000 24.57650000
W 44.32400000 5.79822000 24.58690000
W 44.42610000 2.51153000 24.59710000
Se 39.64550000 4.13486000 26.25540000
Se 42.43100000 5.79751000 26.25240000
Se 42.53160000 2.51112000 26.26260000
Se 45.31260000 4.17834000 26.26320000
Se 42.34250000 9.06974000 22.90280000
Se 45.13300000 10.74260000 22.90170000
Se 45.21980000 7.45119000 22.91420000
Se 48.00470000 9.12954000 22.91650000
W 44.23240000 9.08846000 24.57410000
W 44.15420000 12.38170000 24.56280000
W 47.01960000 10.76890000 24.57530000
W 47.10740000 7.47386000 24.58800000
Se 42.34060000 9.08429000 26.23960000
Se 45.12770000 10.75710000 26.23860000
Se 45.21400000 7.46709000 26.25110000
Se 47.99410000 9.14673000 26.25330000
Se 45.06080000 14.03820000 22.89230000
Se 47.85360000 15.72930000 22.89790000
Se 47.92170000 12.42710000 22.90490000
Se 50.70750000 14.12550000 22.91290000
W 46.94590000 14.06770000 24.56590000
W 46.88560000 17.36940000 24.56160000
W 49.73470000 15.76710000 24.57380000
W 49.80420000 12.46260000 24.58120000
Se 45.05490000 14.04860000 26.22910000
Se 47.84370000 15.73770000 26.23480000
Se 47.91190000 12.44090000 26.24170000
Se 50.69360000 14.13840000 26.24980000
Se 47.79820000 19.03460000 22.89640000
Se 50.58930000 20.74520000 22.90810000
Se 50.64250000 17.43400000 22.90790000
Se 53.42740000 19.15180000 22.92000000
W 49.67780000 19.07480000 24.57200000
W 49.63050000 22.38490000 24.57450000
W 52.46660000 20.79300000 24.58430000
W 52.52040000 17.48060000 24.58530000
Se 47.78750000 19.03770000 26.23320000
Se 50.57740000 20.74680000 26.24510000
Se 50.62980000 17.44070000 26.24480000
Se 53.41490000 19.15790000 26.25700000
Se 50.54440000 24.05800000 22.91180000
Se 53.33210000 25.78300000 22.92250000
Se 53.37610000 22.46710000 22.92010000
Se 56.16080000 24.19660000 22.92850000
W 52.42130000 24.10730000 24.58670000
W 52.38150000 27.42270000 24.59030000
W 55.21010000 25.83700000 24.59510000
W 55.25330000 22.52130000 24.59490000
Se 50.53350000 24.05630000 26.24880000
Se 53.32480000 25.78200000 26.25960000
Se 53.36620000 22.46850000 26.25710000
Se 56.15580000 24.19910000 26.26560000
Se 53.29230000 29.09920000 22.92520000
Se 56.07990000 30.82830000 22.92740000
Se 56.11860000 27.51270000 22.92800000
Se 58.90780000 29.24180000 22.92730000
W 55.17140000 29.15280000 24.59580000
W 55.13440000 32.46810000 24.59560000
W 57.96260000 30.88140000 24.59490000
W 57.99970000 27.56860000 24.59750000
Se 53.28770000 29.09740000 26.26230000
Se 56.08100000 30.82850000 26.26460000
Se 56.11680000 27.51350000 26.26520000
Se 58.91150000 29.24430000 26.26450000
Se 56.04200000 34.14310000 22.92580000
Se 58.83440000 35.86410000 22.91990000
Se 58.87110000 32.55360000 22.92370000
Se 61.66880000 34.27080000 22.91650000
W 57.92610000 34.19290000 24.59180000
W 57.88760000 37.50270000 24.58850000
W 60.72180000 35.90850000 24.58460000
W 60.75760000 32.60330000 24.58910000
Se 56.04540000 34.14300000 26.26300000
Se 58.84090000 35.86520000 26.25710000
Se 58.87660000 32.55550000 26.26090000
Se 61.67620000 34.27340000 26.25380000
Se 58.79470000 39.17350000 22.91660000
Se 61.59310000 40.87820000 22.90950000
Se 61.63310000 37.57510000 22.91230000
Se 64.43850000 39.27440000 22.90570000
W 60.68280000 39.21180000 24.58090000
W 60.63760000 42.51270000 24.57920000
W 63.48280000 40.90840000 24.57460000
W 63.52290000 37.61260000 24.57710000
Se 58.80150000 39.17290000 26.25380000
Se 61.59890000 40.87690000 26.24670000
Se 61.63990000 37.57620000 26.24950000
Se 64.44370000 39.27470000 26.24280000
Se 61.54550000 44.17980000 22.90940000
Se 64.34590000 45.86550000 22.90670000
Se 64.39680000 42.57060000 22.90470000
Se 67.20460000 44.25180000 22.90270000
W 63.43520000 44.20240000 24.57480000
W 63.37700000 47.49440000 24.57850000
W 66.23630000 45.88090000 24.57340000
W 66.28760000 42.59350000 24.57100000
Se 61.55010000 44.17510000 26.24660000
Se 64.34810000 45.85960000 26.24390000
Se 64.40030000 42.56800000 26.24180000
Se 67.20570000 44.24810000 26.23990000
Se 64.28300000 49.15870000 22.91210000
Se 67.08040000 50.82820000 22.91370000
Se 67.14900000 47.54070000 22.90690000
Se 69.95320000 49.20770000 22.90900000
W 66.17340000 49.16710000 24.57900000
W 66.09720000 52.45230000 24.58670000
W 68.97140000 50.83200000 24.58130000
W 69.04000000 47.55050000 24.57440000
Se 64.28430000 49.14990000 26.24930000
Se 67.07990000 50.81960000 26.25090000
Se 67.14900000 47.53400000 26.24400000
Se 69.95180000 49.20080000 26.24610000
Se 66.99800000 54.11360000 22.92150000
Se 69.78970000 55.77210000 22.92370000
Se 69.87800000 52.49060000 22.91650000
Se 72.67510000 54.14870000 22.91990000
W 68.88950000 54.11350000 24.58910000
W 68.79580000 57.39500000 24.59490000
W 71.68190000 55.77090000 24.59180000
W 71.76980000 52.49190000 24.58460000
Se 66.99760000 54.10550000 26.25870000
Se 69.78860000 55.76640000 26.26090000
Se 69.87650000 52.48290000 26.25380000
Se 72.67280000 54.14250000 26.25710000
Se 69.69110000 59.05200000 22.92740000
Se 72.47880000 60.70580000 22.92700000
Se 72.58080000 57.42740000 22.92580000
Se 75.37070000 59.08210000 22.92780000
W 71.58400000 59.05100000 24.59560000
W 74.37170000 60.70670000 24.59590000
W 74.47340000 57.42690000 24.59450000
Se 69.69080000 59.05100000 26.26460000
Se 72.47790000 60.70840000 26.26410000
Se 72.57910000 57.42450000 26.26300000
Se 75.36790000 59.08240000 26.26500000
Se 45.42850000 0.88334100 22.93400000
Se 48.21190000 2.55259000 22.94080000
Se 51.11070000 0.95107500 22.96130000
W 47.31700000 0.89756400 24.60850000
W 47.20790000 4.18317000 24.60040000
W 50.09650000 2.57707000 24.61940000
Se 45.41960000 0.89150600 26.27110000
Se 48.19710000 2.56533000 26.27780000
Se 51.08550000 0.96226300 26.29830000
Se 48.10240000 5.83784000 22.92980000
Se 50.88250000 7.52378000 22.93790000
Se 50.99190000 4.23358000 22.95210000
Se 53.76780000 5.92971000 22.96860000
W 49.98660000 5.86667000 24.60780000
W 49.88820000 9.16212000 24.59350000
W 52.76190000 7.56515000 24.62020000
W 52.87150000 4.27111000 24.63590000
Se 48.09000000 5.85480000 26.26670000
Se 50.86370000 7.54380000 26.27490000
Se 50.96970000 4.25113000 26.28900000
Se 53.73850000 5.95222000 26.30560000
Se 50.78710000 10.82150000 22.92350000
Se 53.56610000 12.52890000 22.93510000
Se 53.65900000 9.22526000 22.95090000
Se 56.43160000 10.94320000 22.96670000
W 52.66620000 10.86550000 24.60400000
W 52.58610000 14.17100000 24.59170000
W 55.44190000 12.58470000 24.61770000
W 55.53420000 9.28035000 24.63660000
Se 50.77120000 10.83950000 26.26050000
Se 53.54660000 12.54760000 26.27210000
Se 53.63480000 9.24818000 26.28790000
Se 56.40570000 10.96910000 26.30370000
Se 53.48960000 15.83850000 22.92460000
Se 56.26880000 17.56440000 22.93640000
Se 56.34180000 14.25120000 22.94840000
Se 59.11600000 15.98580000 22.95890000
W 55.36590000 15.89390000 24.60430000
W 55.30410000 19.20660000 24.59710000
W 58.14540000 17.62840000 24.61460000
W 58.21680000 14.31800000 24.63060000
Se 53.47400000 15.85080000 26.26160000
Se 56.25530000 17.57710000 26.27350000
Se 56.32260000 14.27120000 26.28540000
Se 59.10170000 16.00750000 26.29600000
Se 56.20970000 20.88020000 22.93050000
Se 58.99260000 22.61440000 22.93570000
Se 59.04760000 19.29950000 22.94420000
Se 61.83030000 21.03850000 22.94540000
W 58.08780000 20.94120000 24.60520000
W 58.04040000 24.25500000 24.60030000
W 60.87460000 22.67870000 24.60690000
W 60.92750000 19.36920000 24.61900000
Se 56.20080000 20.88670000 26.26760000
Se 58.99000000 22.62210000 26.27290000
Se 59.03990000 19.31340000 26.28140000
Se 61.82970000 21.05340000 26.28260000
Se 58.94720000 25.92870000 22.93080000
Se 61.73950000 27.65790000 22.92710000
Se 61.78060000 24.34890000 22.93440000
Se 64.57750000 26.07850000 22.92790000
W 60.83100000 25.98800000 24.59930000
W 60.79300000 29.29640000 24.59390000
W 63.62770000 27.71500000 24.59330000
W 63.66750000 24.41290000 24.60230000
Se 58.94830000 25.93290000 26.26800000
Se 61.74550000 27.66330000 26.26440000
Se 61.78410000 24.35780000 26.27160000
Se 64.58470000 26.08770000 26.26520000
Se 61.70330000 30.96520000 22.92150000
Se 64.50730000 32.67920000 22.91370000
Se 64.54070000 29.37970000 22.91980000
Se 67.35180000 31.09140000 22.91210000
W 63.59250000 31.01570000 24.58670000
W 63.55850000 34.31500000 24.58130000
W 66.39940000 32.72430000 24.57900000
W 66.43260000 29.43230000 24.58520000
Se 61.71050000 30.96880000 26.25870000
Se 64.51500000 32.68310000 26.25090000
Se 64.54870000 29.38550000 26.25700000
Se 67.35880000 31.09690000 26.24930000
Se 64.47430000 35.97740000 22.90900000
Se 67.28710000 37.67260000 22.90330000
Se 67.32010000 34.38240000 22.90690000
Se 70.14050000 36.07490000 22.90270000
W 66.36610000 36.01520000 24.57440000
W 66.32980000 39.30490000 24.57160000
W 69.18010000 37.70460000 24.57020000
W 69.21390000 34.42190000 24.57340000
Se 64.48090000 35.97960000 26.24610000
Se 67.29130000 37.67410000 26.24050000
Se 67.32590000 34.38580000 26.24400000
Se 70.14320000 36.07780000 26.23990000
Se 67.24960000 40.96240000 22.90170000
Se 70.06480000 42.64070000 22.90060000
Se 70.10570000 39.35760000 22.90060000
Se 72.92850000 41.03450000 22.90060000
W 69.14180000 40.98690000 24.56890000
W 69.09610000 44.26880000 24.57020000
W 71.95780000 42.66080000 24.56890000
W 71.99950000 39.38510000 24.56890000
Se 67.25220000 40.96160000 26.23880000
Se 70.06500000 42.63910000 26.23770000
Se 70.10700000 39.35850000 26.23770000
Se 72.92710000 41.03520000 26.23770000
Se 70.01490000 45.92420000 22.90330000
Se 72.82640000 47.59020000 22.90570000
Se 72.88270000 44.31170000 22.90170000
Se 75.70180000 45.97830000 22.90470000
W 71.90710000 45.93710000 24.57160000
W 71.84500000 49.21400000 24.57710000
W 74.71940000 47.60080000 24.57460000
W 74.77630000 44.32940000 24.57100000
Se 70.01410000 45.91980000 26.24050000
Se 72.82410000 47.58560000 26.24280000
Se 72.88070000 44.30990000 26.23880000
Se 75.69780000 45.97650000 26.24180000
Se 72.75750000 50.86940000 22.91230000
Se 75.56100000 52.52830000 22.91660000
Se 75.63800000 49.25260000 22.90950000
Se 78.44870000 50.91390000 22.91500000
W 74.65000000 50.87410000 24.58090000
W 74.56750000 54.14930000 24.58850000
W 77.45370000 52.53320000 24.58610000
W 77.53130000 49.26270000 24.57920000
Se 72.75500000 50.86290000 26.24950000
Se 75.55700000 52.52280000 26.25380000
Se 75.63400000 49.24820000 26.24670000
Se 78.44210000 50.91000000 26.25230000
Se 75.47090000 55.80490000 22.92370000
Se 78.26470000 57.46190000 22.92850000
Se 78.36270000 54.18710000 22.92240000
Se 81.16190000 55.84840000 22.93080000
W 77.36330000 55.80690000 24.59330000
W 77.26300000 59.08410000 24.59750000
W 80.15610000 57.46740000 24.59990000
W 80.25470000 54.19410000 24.59360000
Se 75.46730000 55.80090000 26.26100000
Se 78.25870000 57.46060000 26.26570000
Se 78.35620000 54.18290000 26.25960000
Se 81.15090000 55.84610000 26.26810000
Se 78.15890000 60.73850000 22.93020000
Se 81.05590000 59.12250000 22.93530000
Se 83.84360000 60.78970000 22.94570000
W 80.05000000 60.74540000 24.60170000
W 82.94490000 59.13400000 24.60980000
Se 78.15390000 60.74250000 26.26730000
Se 81.04560000 59.12450000 26.27250000
Se 83.82680000 60.79590000 26.28280000
Se 53.88890000 2.64312000 22.98300000
Se 56.66100000 4.35230000 23.00950000
Se 56.79270000 1.07118000 23.02240000
Se 59.56100000 2.79563000 23.05770000
W 55.76340000 2.69149000 24.67340000
W 55.64240000 5.98230000 24.65710000
W 58.53140000 4.41730000 24.70340000
W 58.66290000 1.13101000 24.71790000
Se 53.85520000 2.66003000 26.31990000
Se 56.62150000 4.37561000 26.34630000
Se 56.74870000 1.08493000 26.35920000
Se 59.51540000 2.81630000 26.39420000
Se 56.53880000 7.64295000 22.98890000
Se 59.30550000 9.37276000 23.00840000
Se 59.42690000 6.07918000 23.03640000
Se 62.18870000 7.82135000 23.05710000
W 58.41040000 7.71102000 24.67970000
W 58.30480000 11.01160000 24.65340000
W 61.17760000 9.45475000 24.69780000
W 61.29670000 6.15997000 24.72990000
Se 56.50570000 7.67060000 26.32580000
Se 59.27440000 9.40577000 26.34520000
Se 59.38750000 6.10944000 26.37300000
Se 62.15640000 7.85874000 26.39370000
Se 59.20140000 12.67580000 22.98080000
Se 61.97180000 14.41910000 22.98830000
Se 62.07050000 11.11600000 23.02140000
Se 64.83840000 12.86740000 23.02340000
W 61.07620000 12.75560000 24.66520000
W 60.99350000 16.06100000 24.63810000
W 63.85150000 14.50650000 24.66780000
W 63.94690000 11.20840000 24.70580000
Se 59.17910000 12.70500000 26.31780000
Se 61.95770000 14.45130000 26.32540000
Se 62.04730000 11.15400000 26.35820000
Se 64.82680000 12.90900000 26.36030000
Se 61.89270000 17.72770000 22.96270000
Se 64.67670000 19.47120000 22.95870000
Se 64.74770000 16.16760000 22.98640000
Se 67.53420000 17.91510000 22.97610000
W 63.77530000 17.80760000 24.63740000
W 63.71530000 21.11020000 24.61620000
W 66.56540000 19.55140000 24.62920000
W 66.63420000 16.25780000 24.66030000
Se 61.88620000 17.75100000 26.29990000
Se 64.67800000 19.49490000 26.29600000
Se 64.74350000 16.20110000 26.32360000
Se 67.53810000 17.94760000 26.31340000
Se 64.62140000 22.77540000 22.94000000
Se 67.42410000 24.50570000 22.93100000
Se 67.47220000 21.21060000 22.94890000
Se 70.28140000 22.94180000 22.93760000
W 66.51180000 22.84560000 24.60790000
W 66.46890000 26.13930000 24.59420000
W 69.31880000 24.57160000 24.59810000
W 69.36650000 21.28760000 24.61710000
Se 64.62660000 22.79060000 26.27730000
Se 67.43170000 24.51970000 26.26840000
Se 67.47860000 21.23280000 26.28630000
Se 70.28890000 22.96090000 26.27500000
Se 67.38530000 27.79930000 22.91960000
Se 70.20420000 29.50970000 22.91280000
Se 70.23930000 26.22630000 22.92240000
Se 73.06590000 27.93640000 22.91670000
W 69.28010000 27.85540000 24.58610000
W 69.24620000 31.13890000 24.57850000
W 72.10080000 29.56090000 24.58080000
W 72.13680000 26.28700000 24.59030000
Se 67.39300000 27.80790000 26.25690000
Se 70.20960000 29.51720000 26.25010000
Se 70.24590000 26.23830000 26.25970000
Se 73.06930000 27.94610000 26.25400000
Se 70.17240000 32.79250000 22.90670000
Se 73.00040000 34.48400000 22.90470000
Se 73.03250000 31.21000000 22.90940000
Se 75.86800000 32.90210000 22.90950000
W 72.06800000 32.83530000 24.57480000
W 72.03520000 36.11000000 24.57100000
W 74.89690000 34.52350000 24.57460000
W 74.93010000 31.25730000 24.57920000
Se 70.17640000 32.79720000 26.24390000
Se 73.00090000 34.48830000 26.24180000
Se 73.03420000 31.21650000 26.24660000
Se 75.86620000 32.90780000 26.24670000
Se 72.96680000 37.75870000 22.90170000
Se 75.79710000 39.43600000 22.90330000
Se 75.83410000 36.16820000 22.90570000
Se 78.67160000 37.84770000 22.90900000
W 74.86210000 37.79080000 24.57160000
W 74.82290000 41.05940000 24.57020000
W 77.69300000 39.46710000 24.57440000
W 77.73110000 36.20620000 24.57710000
Se 72.96620000 37.76130000 26.23880000
Se 75.79370000 39.43890000 26.24050000
Se 75.83130000 36.17250000 26.24280000
Se 78.66630000 37.85230000 26.24610000
Se 75.75390000 42.70600000 22.90270000
Se 78.58080000 44.37480000 22.90670000
Se 78.63000000 41.10980000 22.90690000
Se 81.46420000 42.78270000 22.91210000
W 77.64890000 42.73000000 24.57340000
W 77.59580000 45.99510000 24.57480000
W 80.47590000 44.39950000 24.57850000
W 80.52630000 41.14140000 24.57900000
Se 75.75020000 42.70690000 26.23990000
Se 78.57460000 44.37590000 26.24390000
Se 78.62420000 41.11310000 26.24400000
Se 81.45590000 42.78600000 26.24930000
Se 78.52110000 47.64300000 22.90940000
Se 81.33940000 49.30870000 22.91670000
Se 81.40780000 46.04380000 22.91280000
Se 84.23380000 47.71590000 22.92240000
W 80.41510000 47.66070000 24.58080000
W 80.34160000 50.92540000 24.58630000
W 83.23240000 49.32880000 24.59030000
W 83.30250000 46.07060000 24.58610000
Se 78.51470000 47.64130000 26.24660000
Se 81.32930000 49.30680000 26.25400000
Se 81.39860000 46.04470000 26.25010000
Se 84.22010000 47.71560000 26.25970000
Se 81.25740000 52.57710000 22.92350000
Se 84.06290000 54.24510000 22.93660000
Se 84.15560000 50.97850000 22.92850000
Se 86.96780000 52.65570000 22.94710000
W 83.14870000 52.59170000 24.59730000
W 83.05190000 55.85990000 24.60500000
W 85.95110000 54.26520000 24.61470000
W 86.04610000 51.00270000 24.60540000
Se 81.24660000 52.57360000 26.26080000
Se 84.04560000 54.24210000 26.27390000
Se 84.13970000 50.97570000 26.26580000
Se 86.94380000 52.65150000 26.28450000
Se 83.95740000 57.51540000 22.94360000
Se 86.74810000 59.19170000 22.96270000
Se 86.86370000 55.92140000 22.95690000
Se 89.65770000 57.61000000 22.98600000
W 85.84380000 57.53430000 24.62240000
W 85.72890000 60.81040000 24.62470000
W 88.62930000 59.22130000 24.64750000
W 88.74700000 55.94990000 24.64060000
Se 83.93970000 57.51560000 26.28080000
Se 86.72140000 59.19530000 26.29980000
Se 86.83730000 55.91930000 26.29410000
Se 89.62110000 57.60940000 26.32310000
Se 89.53250000 60.88130000 22.98930000
W 91.40770000 60.92490000 24.68030000
Se 89.49610000 60.88940000 26.32630000
Se 62.32260000 4.53661000 23.08790000
Se 65.08070000 6.28970000 23.10560000
Se 65.22380000 3.01359000 23.13410000
Se 67.97970000 4.77409000 23.14440000
W 64.19360000 4.62679000 24.77980000
W 64.06210000 7.91496000 24.74600000
W 66.95850000 6.39007000 24.78960000
W 67.09980000 3.10748000 24.81970000
Se 62.28280000 4.56522000 26.42420000
Se 65.05360000 6.32652000 26.44190000
Se 65.19140000 3.03550000 26.47030000
Se 67.96430000 4.80500000 26.48070000
Se 64.95020000 9.57414000 23.06570000
Se 67.71680000 11.33190000 23.05950000
Se 67.84010000 8.04946000 23.10630000
Se 70.60610000 9.81073000 23.08960000
W 66.83080000 9.67614000 24.74700000
W 66.72200000 12.96560000 24.70100000
W 69.60630000 11.43720000 24.73250000
W 69.72720000 8.15552000 24.78070000
Se 64.93060000 9.61775000 26.40230000
Se 67.71170000 11.37920000 26.39610000
Se 67.82940000 8.09317000 26.44260000
Se 70.61180000 9.85782000 26.42600000
Se 67.61470000 14.62130000 23.01380000
Se 70.40420000 16.37180000 22.99580000
Se 70.49400000 13.08920000 23.04030000
Se 73.28650000 14.84060000 23.01350000
W 69.50640000 14.72000000 24.68510000
W 69.42750000 18.00360000 24.64570000
W 72.30310000 16.46610000 24.66290000
W 72.39250000 13.19210000 24.70670000
Se 67.61470000 14.66350000 26.35080000
Se 70.41250000 16.41080000 26.33300000
Se 70.50160000 13.13570000 26.37710000
Se 73.30190000 14.88170000 26.35050000
Se 70.33480000 19.65660000 22.96140000
Se 73.15030000 21.38860000 22.94710000
Se 73.20960000 18.11430000 22.97520000
Se 76.03050000 19.84590000 22.95690000
W 72.23350000 19.73980000 24.62900000
W 72.17960000 23.01330000 24.60540000
W 75.05250000 21.46440000 24.61470000
W 75.11360000 18.20070000 24.64060000
Se 70.34290000 19.68530000 26.29870000
Se 73.15870000 21.41150000 26.28450000
Se 73.22140000 18.14670000 26.31240000
Se 76.04180000 19.86980000 26.29410000
Se 73.10390000 24.66270000 22.92850000
Se 75.93740000 26.37330000 22.92350000
Se 75.97920000 23.10970000 22.93660000
Se 78.81820000 24.82040000 22.93080000
W 75.00440000 24.72800000 24.59730000
W 74.96490000 27.99220000 24.58630000
W 77.83910000 26.43310000 24.59360000
W 77.88320000 23.17780000 24.60500000
Se 73.10940000 24.67780000 26.26580000
Se 75.93980000 26.38440000 26.26080000
Se 75.98530000 23.12620000 26.27390000
Se 78.82170000 24.83100000 26.26810000
Se 75.90140000 29.63730000 22.91500000
Se 78.74340000 31.33090000 22.91660000
Se 78.77900000 28.07510000 22.92240000
Se 81.62600000 29.77060000 22.92370000
W 77.80130000 29.68940000 24.58610000
W 77.76630000 32.94700000 24.58090000
W 80.64400000 31.38080000 24.58850000
W 80.68160000 28.13080000 24.59330000
Se 75.90130000 29.64500000 26.25230000
Se 78.74060000 31.33710000 26.25380000
Se 78.77870000 28.08290000 26.25960000
Se 81.62430000 29.77580000 26.26100000
Se 78.70850000 34.58830000 22.91230000
Se 81.55220000 36.27140000 22.91650000
Se 81.58960000 33.02000000 22.91990000
Se 84.43830000 34.70710000 22.92370000
W 80.60740000 34.63230000 24.58460000
W 80.56910000 37.88580000 24.58130000
W 83.45190000 36.31590000 24.58910000
W 83.49110000 33.06900000 24.59180000
Se 78.70410000 34.59370000 26.24950000
Se 81.54630000 36.27650000 26.25380000
Se 81.58540000 33.02510000 26.25710000
Se 84.43390000 34.71090000 26.26090000
Se 81.51130000 39.52540000 22.91370000
Se 84.35210000 41.20400000 22.91980000
Se 84.39780000 37.95410000 22.92150000
Se 87.24380000 39.63900000 22.92710000
W 83.40940000 39.56480000 24.58670000
W 83.36060000 42.81610000 24.58520000
W 86.25030000 41.24580000 24.59330000
W 86.29810000 38.00010000 24.59390000
Se 81.50420000 39.53010000 26.25090000
Se 84.34310000 41.20800000 26.25700000
Se 84.39100000 37.95840000 26.25870000
Se 87.23620000 39.64150000 26.26440000
Se 84.29850000 44.45780000 22.91960000
Se 87.13150000 46.13820000 22.93100000
Se 87.19270000 42.88650000 22.92790000
Se 90.03120000 44.57610000 22.94000000
W 86.19420000 44.49410000 24.59420000
W 86.12700000 47.74600000 24.59810000
W 89.02530000 46.17810000 24.60790000
W 89.09010000 42.93120000 24.60230000
Se 84.28710000 44.46010000 26.25690000
Se 87.11550000 46.13770000 26.26840000
Se 87.18100000 42.88820000 26.26520000
Se 90.01550000 44.57300000 26.27730000
Se 87.05710000 49.39460000 22.93760000
Se 89.87550000 51.08340000 22.96140000
Se 89.96100000 47.82730000 22.94890000
Se 92.78400000 49.52880000 22.97610000
W 88.94720000 49.42930000 24.61710000
W 88.85420000 52.68620000 24.62900000
W 91.76070000 51.12420000 24.64570000
W 91.85130000 47.87160000 24.62920000
Se 87.03690000 49.39150000 26.27500000
Se 89.84660000 51.07610000 26.29870000
Se 89.93860000 47.82180000 26.28630000
Se 92.75390000 49.51590000 26.31340000
Se 89.77380000 54.34420000 22.97520000
Se 92.57050000 56.04770000 23.01350000
Se 92.68560000 52.78590000 22.99580000
Se 95.48350000 54.50500000 23.04030000
W 91.65440000 54.38330000 24.66290000
W 91.53490000 57.65000000 24.67610000
W 94.44510000 56.09770000 24.70670000
W 94.56500000 52.83430000 24.68510000
Se 89.73980000 54.33820000 26.31240000
Se 92.52720000 56.04040000 26.35050000
Se 92.64760000 52.77360000 26.33300000
Se 95.43940000 54.48830000 26.37710000
Se 92.44280000 59.31450000 23.02370000
Se 95.21740000 61.03710000 23.06620000
Se 95.35520000 57.76870000 23.05960000
Se 98.12700000 59.50720000 23.10640000
W 94.31430000 59.36870000 24.71900000
W 97.08590000 61.10650000 24.76300000
W 97.22570000 57.83110000 24.75510000
Se 92.39740000 59.31680000 26.36050000
Se 95.16860000 61.04400000 26.40270000
Se 95.30690000 57.76180000 26.39620000
Se 98.08140000 59.50340000 26.44270000
Se 68.12790000 1.50387000 23.16570000
W 69.86470000 4.87519000 24.81990000
Se 68.10990000 1.51549000 26.50210000
Se 70.73800000 6.53723000 23.13460000
W 72.50330000 9.91730000 24.75510000
Se 70.74120000 6.57549000 26.47080000
Se 73.38460000 11.56850000 23.05960000
Se 76.17950000 13.31770000 23.02370000
W 75.29070000 11.66980000 24.71900000
W 75.19190000 14.93620000 24.67610000
Se 73.40280000 11.61370000 26.39620000
Se 76.20410000 13.35590000 26.36050000
Se 76.09590000 16.58190000 22.98600000
Se 78.92050000 18.31090000 22.96270000
W 78.00550000 16.66690000 24.64750000
W 77.93730000 19.92270000 24.62240000
Se 76.11370000 16.61390000 26.32310000
Se 78.93700000 18.33220000 26.29980000
Se 78.86410000 21.56580000 22.94360000
Se 81.70660000 23.27510000 22.93530000
W 80.77210000 21.63340000 24.60980000
W 80.72320000 24.88190000 24.59990000
Se 78.87310000 21.58110000 26.28080000
Se 81.71350000 23.28310000 26.27250000
Se 81.66410000 26.52260000 22.92850000
Se 84.51420000 28.21880000 22.92780000
W 83.56980000 26.57900000 24.59750000
W 83.52950000 29.82360000 24.59450000
Se 81.66600000 26.52850000 26.26570000
Se 84.51590000 28.22110000 26.26500000
Se 84.47620000 31.46230000 22.92580000
Se 87.32800000 33.15250000 22.92740000
W 86.38060000 31.51370000 24.59560000
W 86.34070000 34.75630000 24.59490000
Se 84.47460000 31.46520000 26.26300000
Se 87.32730000 33.15330000 26.26460000
Se 87.28800000 36.39470000 22.92730000
Se 90.13750000 38.08540000 22.93080000
W 89.19110000 36.44490000 24.59750000
W 89.14430000 39.68720000 24.59930000
Se 87.28390000 36.39670000 26.26450000
Se 90.13340000 38.08430000 26.26800000
Se 90.08900000 41.32910000 22.93440000
Se 92.93100000 43.02740000 22.94540000
W 91.98840000 41.37960000 24.60690000
W 91.92640000 44.62400000 24.61620000
Se 90.07950000 41.32770000 26.27160000
Se 92.91840000 43.01940000 26.28260000
Se 92.86510000 46.27600000 22.95870000
Se 95.69070000 47.98940000 22.98640000
W 94.75660000 46.32720000 24.63740000
W 94.66930000 49.57800000 24.66030000
Se 92.84400000 46.26540000 26.29600000
Se 95.66370000 47.96890000 26.32360000
Se 95.59630000 51.24540000 23.01380000
Se 98.39390000 52.97850000 23.05950000
W 97.47650000 51.30010000 24.70100000
W 97.35800000 54.56230000 24.73250000
Se 95.55970000 51.22430000 26.35080000
Se 98.35550000 52.95050000 26.39610000
Se 98.26660000 56.24130000 23.08960000
Se 101.03600000 57.99230000 23.13460000
W 100.14000000 56.30780000 24.78070000
W 99.99770000 59.58160000 24.79960000
Se 98.22300000 56.22270000 26.42600000
Se 101.00100000 57.97590000 26.47080000
Se 100.88900000 61.25960000 23.14450000
W 102.76400000 61.34420000 24.83060000
Se 100.85400000 61.26220000 26.48080000
