W -0.00000000 -0.00001979 14.40120000
S 3.06833000 1.77150000 12.75580000
S 3.18466000 1.83866000 15.88110000
W 1.56340000 2.70822000 14.34120000
S 4.60718000 4.43390000 12.58820000
S 4.76968000 4.58894000 15.70850000
W 81.84540000 5.41510000 14.17030000
S 6.15399000 7.10846000 12.33540000
S 6.34561000 7.32539000 15.45060000
W 83.40650000 8.12115000 13.91390000
S 7.71162000 9.80112000 12.03190000
S 7.91353000 10.04810000 15.14430000
W 84.96850000 10.82930000 13.60780000
S 9.28073000 12.51410000 11.71370000
S 9.47717000 12.76200000 14.82630000
W 86.53350000 13.54330000 13.28870000
S 10.85970000 15.24510000 11.40940000
S 11.04050000 15.47360000 14.52400000
W 88.10320000 16.26500000 12.98450000
S 12.44600000 17.98970000 11.13640000
S 12.60620000 18.18740000 14.25380000
W 89.67780000 18.99480000 12.71240000
S 14.03740000 20.74370000 10.90330000
S 14.17480000 20.90550000 14.02360000
W 91.25650000 21.73130000 12.48040000
S 15.63220000 23.50420000 10.71400000
S 15.74620000 23.62780000 13.83680000
W 92.83850000 24.47320000 12.29210000
S 17.22940000 26.26930000 10.57060000
S 17.31970000 26.35340000 13.69540000
W 94.42300000 27.21890000 12.14950000
S 18.82820000 29.03750000 10.47420000
S 18.89460000 29.08140000 13.60030000
W 96.00930000 29.96720000 12.05370000
S 20.42780000 31.80770000 10.42570000
S 20.47030000 31.81070000 13.55260000
W 97.59660000 32.71710000 12.00560000
S 22.02760000 34.57870000 10.42570000
S 22.04630000 34.54040000 13.55260000
W 99.18450000 35.46730000 12.00560000
S 23.62680000 37.34910000 10.47420000
S 23.62210000 37.26960000 13.60030000
W 100.77200000 38.21700000 12.05370000
S 25.22480000 40.11780000 10.57060000
S 25.19710000 39.99750000 13.69540000
W 102.35900000 40.96490000 12.14950000
S 26.82080000 42.88350000 10.71400000
S 26.77080000 42.72300000 13.83680000
W 103.94500000 43.71000000 12.29210000
S 28.41410000 45.64490000 10.90330000
S 28.34270000 45.44500000 14.02360000
W 105.52800000 46.45090000 12.48040000
S 30.00350000 48.40010000 11.13640000
S 29.91230000 48.16250000 14.25380000
W 107.10900000 49.18640000 12.71240000
S 31.58720000 51.14620000 11.40940000
S 31.47980000 50.87530000 14.52400000
W 108.68600000 51.91490000 12.98450000
S 33.16290000 53.87910000 11.71370000
S 33.04640000 53.58500000 14.82630000
W 110.25800000 54.63520000 13.28870000
S 34.72780000 56.59450000 12.03190000
S 34.61490000 56.29620000 15.14430000
W 111.82600000 57.34750000 13.60780000
S 36.28090000 59.28980000 12.33540000
S 36.18880000 59.01540000 15.45060000
W 113.39000000 60.05430000 13.91390000
S 37.82370000 61.96660000 12.58820000
S 37.77070000 61.74840000 15.70850000
W 114.95300000 62.75930000 14.17030000
S 39.36000000 64.63050000 12.75580000
S 39.36000000 64.49620000 15.88110000
W 37.79600000 65.46550000 14.34120000
S 40.89370000 67.28800000 12.81440000
S 40.95310000 67.25370000 15.94190000
W 3.12710000 -0.00021979 14.34120000
S 6.14345000 1.77298000 12.58820000
S 6.35898000 1.83620000 15.70850000
W 4.68906000 2.70723000 14.22480000
S 7.69005000 4.43985000 12.38100000
S 7.93471000 4.58111000 15.49680000
W 6.24967000 5.41352000 14.00920000
S 9.24708000 7.12087000 12.10680000
S 9.50159000 7.31290000 15.21930000
W 7.81047000 8.12029000 13.72580000
S 10.81560000 9.82061000 11.80050000
S 11.06320000 10.03350000 14.91200000
W 9.37396000 10.83090000 13.41150000
S 12.39430000 12.53960000 11.49370000
S 12.62400000 12.74810000 14.60660000
W 10.94210000 13.54820000 13.09920000
S 13.98110000 15.27460000 11.20910000
S 14.18720000 15.46210000 14.32450000
W 12.51550000 16.27350000 12.81120000
S 15.57330000 18.02150000 10.95930000
S 15.75410000 18.17890000 14.07770000
W 14.09380000 19.00610000 12.55950000
S 17.16920000 20.77680000 10.75070000
S 17.32440000 20.89960000 13.87170000
W 15.67580000 21.74470000 12.34990000
S 18.76740000 23.53800000 10.58610000
S 18.89740000 23.62380000 13.70940000
W 17.26050000 24.48810000 12.18480000
S 20.36700000 26.30360000 10.46740000
S 20.47210000 26.35090000 13.59240000
W 18.84700000 27.23490000 12.06590000
S 21.96720000 29.07220000 10.39570000
S 22.04790000 29.07980000 13.52170000
W 20.43470000 29.98390000 11.99400000
S 23.56720000 31.84250000 10.37170000
S 23.62410000 31.80970000 13.49810000
W 22.02270000 32.73420000 11.97000000
S 25.16640000 34.61330000 10.39570000
S 25.20010000 34.53960000 13.52170000
W 23.61050000 35.48460000 11.99400000
S 26.76390000 37.38340000 10.46740000
S 26.77550000 37.26870000 13.59240000
W 25.19740000 38.23410000 12.06590000
S 28.35920000 40.15150000 10.58610000
S 28.34980000 39.99600000 13.70940000
W 26.78290000 40.98150000 12.18480000
S 29.95140000 42.91620000 10.75070000
S 29.92260000 42.72040000 13.87170000
W 28.36640000 43.72550000 12.34990000
S 31.53960000 45.67590000 10.95930000
S 31.49360000 45.44060000 14.07770000
W 29.94710000 46.46490000 12.55950000
S 33.12230000 48.42830000 11.20910000
S 33.06300000 48.15600000 14.32450000
W 31.52450000 49.19800000 12.81120000
S 34.69760000 51.16990000 11.49370000
S 34.63180000 50.86680000 14.60660000
W 33.09800000 51.92330000 13.09920000
S 36.26290000 53.89670000 11.80050000
S 36.20240000 53.57580000 14.91200000
W 34.66720000 54.64000000 13.41150000
S 37.81670000 56.60490000 12.10680000
S 37.77760000 56.28850000 15.21930000
W 36.23290000 57.34930000 13.72580000
S 39.36000000 59.29380000 12.38100000
S 39.36000000 59.01130000 15.49680000
W 37.79660000 60.05440000 14.00920000
S 40.89630000 61.96660000 12.58820000
S 40.94930000 61.74840000 15.70850000
W 39.36000000 62.75910000 14.22480000
S 42.42990000 64.62910000 12.69960000
S 42.54230000 64.49840000 15.82320000
W 40.92370000 65.46550000 14.34120000
S 43.96450000 67.28720000 12.69960000
S 44.13390000 67.25510000 15.82320000
W 45.61230000 68.17270000 14.17030000
S 9.23310000 1.77528000 12.33540000
S 9.51678000 1.83277000 15.45060000
W 7.81308000 2.70561000 14.00920000
S 10.79040000 4.44777000 12.10680000
S 11.08400000 4.57217000 15.21930000
W 9.37358000 5.41184000 13.76660000
S 12.35870000 7.13529000 11.83010000
S 12.64500000 7.30057000 14.94120000
W 10.93610000 8.12017000 13.47560000
S 13.93720000 9.84100000 11.53630000
S 14.20420000 10.02060000 14.64810000
W 12.50290000 10.83370000 13.16990000
S 15.52380000 12.56430000 11.25130000
S 15.76540000 12.73700000 14.36510000
W 14.07500000 13.55440000 12.87630000
S 17.11630000 15.30190000 10.99240000
S 17.33050000 15.45380000 14.10890000
W 15.65240000 16.28260000 12.61180000
S 18.71270000 18.05020000 10.76930000
S 18.89970000 18.17330000 13.88860000
W 17.23410000 19.01760000 12.38520000
S 20.31170000 20.80640000 10.58710000
S 20.47210000 20.89610000 13.70880000
W 18.81890000 21.75800000 12.20080000
S 21.91210000 23.56820000 10.44850000
S 22.04670000 23.62210000 13.57210000
W 20.40580000 24.50260000 12.06080000
S 23.51290000 26.33420000 10.35520000
S 23.62260000 26.35030000 13.48020000
W 21.99390000 27.25030000 11.96670000
S 25.11340000 29.10290000 10.30830000
S 25.19910000 29.08010000 13.43390000
W 23.58230000 30.00000000 11.91940000
S 26.71290000 31.87320000 10.30830000
S 26.77550000 31.81050000 13.43390000
W 25.17030000 32.75070000 11.91940000
S 28.31040000 34.64370000 10.35520000
S 28.35130000 34.54060000 13.48020000
W 26.75740000 35.50110000 11.96670000
S 29.90540000 37.41300000 10.44850000
S 29.92600000 37.26950000 13.57210000
W 28.34300000 38.25020000 12.06080000
S 31.49700000 40.17990000 10.58710000
S 31.49940000 39.99610000 13.70880000
W 29.92650000 40.99690000 12.20080000
S 33.08440000 42.94270000 10.76930000
S 33.07130000 42.71930000 13.88860000
W 31.50740000 43.73960000 12.38520000
S 34.66630000 45.69940000 10.99240000
S 34.64190000 45.43790000 14.10890000
W 33.08500000 46.47680000 12.61180000
S 36.24090000 48.44740000 11.25130000
S 36.21220000 48.15170000 14.36510000
W 34.65910000 49.20700000 12.87630000
S 37.80600000 51.18310000 11.53630000
S 37.78400000 50.86200000 14.64810000
W 36.22920000 51.92890000 13.16990000
S 39.36000000 53.90290000 11.83010000
S 39.36000000 53.57240000 14.94120000
W 37.79580000 54.64250000 13.47560000
S 40.90330000 56.60490000 12.10680000
S 40.94240000 56.28850000 15.21930000
W 39.36000000 57.34980000 13.76660000
S 42.43910000 59.28980000 12.33540000
S 42.53120000 59.01540000 15.45060000
W 40.92340000 60.05440000 14.00920000
S 43.97200000 61.96140000 12.48620000
S 44.12370000 61.75500000 15.60420000
W 42.48690000 62.75930000 14.17030000
S 45.50650000 64.62480000 12.53890000
S 45.71500000 64.50440000 15.65810000
W 44.05020000 65.46570000 14.22680000
S 47.04590000 67.28540000 12.48620000
S 47.30050000 67.25730000 15.60420000
W 48.73640000 68.17160000 13.91390000
S 12.34380000 1.77790000 12.03190000
S 12.65870000 1.82927000 15.14430000
W 10.93760000 2.70392000 13.72580000
S 13.91270000 4.45624000 11.80050000
S 14.22080000 4.56428000 14.91200000
W 12.50030000 5.41085000 13.47560000
S 15.49110000 7.14944000 11.53630000
S 15.78020000 7.29089000 14.64810000
W 14.06650000 8.12132000 13.19370000
S 17.07750000 9.85967000 11.26500000
S 17.34060000 10.01160000 14.37820000
W 15.63770000 10.83780000 12.90820000
S 18.66970000 12.58590000 11.00710000
S 18.90440000 12.73010000 14.12260000
W 17.21410000 13.56130000 12.64030000
S 20.26600000 15.32530000 10.77640000
S 20.47240000 15.44930000 13.89450000
W 18.79510000 16.29200000 12.40290000
S 21.86520000 18.07460000 10.58110000
S 22.04410000 18.17100000 13.70150000
W 20.37980000 19.02880000 12.20330000
S 23.46590000 20.83140000 10.42570000
S 23.61850000 20.89560000 13.54830000
W 21.96680000 21.77060000 12.04530000
S 25.06730000 23.59360000 10.31310000
S 25.19460000 23.62270000 13.43720000
W 23.55520000 24.51630000 11.93100000
S 26.66830000 26.35980000 10.24490000
S 26.77130000 26.35190000 13.37000000
W 25.14410000 27.26480000 11.86190000
S 28.26810000 29.12840000 10.22210000
S 28.34810000 29.08220000 13.34750000
W 26.73260000 30.01500000 11.83870000
S 29.86590000 31.89820000 10.24490000
S 29.92420000 31.81290000 13.37000000
W 28.32000000 32.76570000 11.86190000
S 31.46100000 34.66780000 10.31310000
S 31.49940000 34.54300000 13.43720000
W 29.90590000 35.51590000 11.93100000
S 33.05250000 37.43570000 10.42570000
S 33.07320000 37.27150000 13.54830000
W 31.48950000 38.26440000 12.04530000
S 34.63950000 40.20040000 10.58110000
S 34.64550000 39.99720000 13.70150000
W 33.07050000 41.00970000 12.20330000
S 36.22100000 42.96000000 10.77640000
S 36.21670000 42.71920000 13.89450000
W 34.64830000 43.75050000 12.40290000
S 37.79510000 45.71220000 11.00710000
S 37.78760000 45.43680000 14.12260000
W 36.22260000 46.48500000 12.64030000
S 39.36000000 48.45420000 11.26500000
S 39.36000000 48.15030000 14.37820000
W 37.79310000 49.21200000 12.90820000
S 40.91400000 51.18310000 11.53630000
S 40.93600000 50.86200000 14.64810000
W 39.36000000 51.93090000 13.19370000
S 42.45710000 53.89670000 11.80050000
S 42.51760000 53.57580000 14.91200000
W 40.92420000 54.64250000 13.47560000
S 43.99220000 56.59450000 12.03190000
S 44.10510000 56.29620000 15.14430000
W 42.48710000 57.34930000 13.72580000
S 45.52400000 59.27830000 12.20420000
S 45.69630000 59.02620000 15.31800000
W 44.04990000 60.05430000 13.91390000
S 47.05770000 61.95150000 12.29610000
S 47.28690000 61.76600000 15.41090000
W 45.61260000 62.75960000 14.01490000
S 48.59730000 64.61810000 12.29610000
S 48.87250000 64.51230000 15.41090000
W 47.17490000 65.46560000 14.01490000
S 50.14550000 67.28290000 12.20420000
S 50.44990000 67.25980000 15.31800000
W 51.86270000 68.17020000 13.60780000
S 15.47790000 1.78032000 11.71370000
S 15.79080000 1.82646000 14.82630000
W 14.06680000 2.70266000 13.41150000
S 17.05670000 4.46404000 11.49370000
S 17.35220000 4.55867000 14.60660000
W 15.63370000 5.41095000 13.16990000
S 18.64290000 7.16187000 11.25130000
S 18.91330000 7.28477000 14.36510000
W 17.20460000 8.12376000 12.90820000
S 20.23450000 9.87545000 11.00710000
S 20.47680000 10.00670000 14.12260000
W 18.78030000 10.84280000 12.64920000
S 21.83030000 12.60380000 10.77800000
S 22.04400000 12.72710000 13.89560000
W 20.36050000 13.56870000 12.40960000
S 23.42910000 15.34430000 10.57570000
S 23.61490000 15.44830000 13.69550000
W 21.94460000 16.30120000 12.20040000
S 25.02970000 18.09430000 10.40780000
S 25.18890000 18.17160000 13.52960000
W 23.53140000 19.03940000 12.02810000
S 26.63120000 20.85150000 10.27880000
S 26.76480000 20.89730000 13.40230000
W 25.12000000 21.78230000 11.89630000
S 28.23240000 23.61380000 10.19140000
S 28.34180000 23.62530000 13.31610000
W 26.70910000 24.52870000 11.80730000
S 29.83260000 26.37980000 10.14740000
S 29.91880000 26.35500000 13.27270000
W 28.29800000 27.27760000 11.76250000
S 31.43070000 29.14780000 10.14740000
S 31.49530000 29.08560000 13.27270000
W 29.88590000 30.02790000 11.76250000
S 33.02610000 31.91660000 10.19140000
S 33.07080000 31.81620000 13.31610000
W 31.47210000 32.77840000 11.80730000
S 34.61770000 34.68450000 10.27880000
S 34.64480000 34.54580000 13.40230000
W 33.05600000 35.52780000 11.89630000
S 36.20470000 37.45000000 10.40780000
S 36.21740000 37.27350000 13.52960000
W 34.63710000 38.27500000 12.02810000
S 37.78600000 40.21120000 10.57570000
S 37.78890000 39.99830000 13.69550000
W 36.21500000 41.01840000 12.20040000
S 39.36000000 42.96600000 10.77800000
S 39.36000000 42.71930000 13.89560000
W 37.78940000 43.75640000 12.40960000
S 40.92490000 45.71220000 11.00710000
S 40.93240000 45.43680000 14.12260000
W 39.36000000 46.48790000 12.64920000
S 42.47910000 48.44740000 11.25130000
S 42.50780000 48.15170000 14.36510000
W 40.92690000 49.21200000 12.90820000
S 44.02240000 51.16990000 11.49370000
S 44.08820000 50.86680000 14.60660000
W 42.49080000 51.92890000 13.16990000
S 45.55710000 53.87910000 11.71370000
S 45.67360000 53.58500000 14.82630000
W 44.05280000 54.64000000 13.41150000
S 47.08800000 56.57570000 11.88980000
S 47.26260000 56.30930000 15.00230000
W 45.61430000 57.34750000 13.60780000
S 48.62060000 59.26130000 12.00350000
S 48.85150000 59.04070000 15.11610000
W 47.17590000 60.05350000 13.73600000
S 50.15980000 61.93830000 12.04280000
S 50.43660000 61.77840000 15.15540000
W 48.73790000 62.75920000 13.78050000
S 51.70850000 64.60970000 12.00350000
S 52.01500000 64.52000000 15.11610000
W 50.30010000 65.46470000 13.73600000
S 53.26800000 67.27980000 11.88980000
S 53.58600000 67.26180000 15.00230000
W 54.99560000 68.16860000 13.28870000
S 18.63250000 1.78225000 11.40940000
S 18.92080000 1.82460000 14.52400000
W 17.20410000 2.70203000 13.09920000
S 20.21870000 4.47066000 11.20910000
S 20.48420000 4.55542000 14.32450000
W 18.77590000 5.41212000 12.87630000
S 21.81000000 7.17219000 10.99240000
S 22.04860000 7.28180000 14.10890000
W 20.35150000 8.12716000 12.64030000
S 23.40510000 9.88828000 10.77640000
S 23.61570000 10.00500000 13.89450000
W 21.93110000 10.84840000 12.40960000
S 25.00310000 12.61800000 10.57570000
S 25.18610000 12.72700000 13.69550000
W 23.51440000 13.57610000 12.19860000
S 26.60320000 15.35930000 10.40100000
S 26.75940000 15.44960000 13.52260000
W 25.10070000 16.30990000 12.01710000
S 28.20430000 18.10970000 10.25960000
S 28.33510000 18.17390000 13.38280000
W 26.68900000 19.04910000 11.87140000
S 29.80550000 20.86680000 10.15590000
S 29.91200000 20.90030000 13.28040000
W 28.27820000 21.79250000 11.76510000
S 31.40580000 23.62880000 10.09270000
S 31.48920000 23.62870000 13.21810000
W 29.86740000 24.53930000 11.70050000
S 33.00420000 26.39400000 10.07150000
S 33.06590000 26.35840000 13.19710000
W 31.45560000 27.28810000 11.67880000
S 34.59980000 29.16090000 10.09270000
S 34.64150000 29.08870000 13.21810000
W 33.04210000 30.03800000 11.70050000
S 36.19160000 31.92780000 10.15590000
S 36.21580000 31.81880000 13.28040000
W 34.62620000 32.78760000 11.76510000
S 37.77870000 34.69300000 10.25960000
S 37.78850000 34.54770000 13.38280000
W 36.20750000 35.53560000 11.87140000
S 39.36000000 37.45480000 10.40100000
S 39.36000000 37.27440000 13.52260000
W 37.78560000 38.28070000 12.01710000
S 40.93400000 40.21120000 10.57570000
S 40.93110000 39.99830000 13.69550000
W 39.36000000 41.02140000 12.19860000
S 42.49900000 42.96000000 10.77640000
S 42.50330000 42.71920000 13.89450000
W 40.93060000 43.75640000 12.40960000
S 44.05370000 45.69940000 10.99240000
S 44.07810000 45.43790000 14.10890000
W 42.49740000 46.48500000 12.64030000
S 45.59770000 48.42830000 11.20910000
S 45.65700000 48.15600000 14.32450000
W 44.06090000 49.20700000 12.87630000
S 47.13280000 51.14620000 11.40940000
S 47.24020000 50.87530000 14.52400000
W 45.62200000 51.92330000 13.09920000
S 48.66340000 53.85370000 11.57630000
S 48.82650000 53.59780000 14.69000000
W 47.18200000 54.63520000 13.28870000
S 50.19520000 56.55180000 11.69540000
S 50.41290000 56.32420000 14.80820000
W 48.74210000 57.34420000 13.42620000
S 51.73360000 59.24140000 11.75720000
S 51.99660000 59.05490000 14.86940000
W 50.30320000 60.05140000 13.49840000
S 53.28230000 61.92370000 11.75720000
S 53.57530000 61.78920000 14.86940000
W 51.86550000 62.75750000 13.49840000
S 54.84230000 64.60090000 11.69540000
S 55.14820000 64.52610000 14.80820000
W 53.42960000 65.46300000 13.42620000
S 56.41300000 67.27650000 11.57630000
S 56.71620000 67.26320000 14.69000000
W 58.13760000 68.16710000 12.98450000
S 21.80260000 1.78373000 11.13640000
S 22.05390000 1.82354000 14.25380000
W 20.35100000 2.70204000 12.81120000
S 23.39370000 4.47611000 10.95930000
S 23.62050000 4.55396000 14.07770000
W 21.92740000 5.41406000 12.61180000
S 24.98830000 7.18058000 10.76930000
S 25.18840000 7.28097000 13.88860000
W 23.50690000 8.13107000 12.40290000
S 26.58560000 9.89851000 10.58110000
S 26.75860000 10.00530000 13.70150000
W 25.08960000 10.85400000 12.20040000
S 28.18500000 12.62920000 10.40780000
S 28.33150000 12.72840000 13.52960000
W 26.67510000 13.58290000 12.01710000
S 29.78560000 15.37080000 10.25960000
S 29.90660000 15.45190000 13.38280000
W 28.26290000 16.31760000 11.86230000
S 31.38650000 18.12100000 10.14350000
S 31.48320000 18.17680000 13.26790000
W 29.85190000 19.05720000 11.74210000
S 32.98670000 20.87760000 10.06390000
S 33.06030000 20.90350000 13.18930000
W 31.44100000 21.80080000 11.66020000
S 34.58510000 23.63870000 10.02360000
S 34.63710000 23.63170000 13.14950000
W 33.02940000 24.54730000 11.61870000
S 36.18080000 26.40260000 10.02360000
S 36.21290000 26.36100000 13.14950000
W 34.61610000 27.29560000 11.61870000
S 37.77280000 29.16740000 10.06390000
S 37.78720000 29.09070000 13.18930000
W 36.20040000 30.04440000 11.66020000
S 39.36000000 31.93150000 10.14350000
S 39.36000000 31.81980000 13.26790000
W 37.78190000 32.79240000 11.74210000
S 40.94130000 34.69300000 10.25960000
S 40.93150000 34.54770000 13.38280000
W 39.36000000 35.53830000 11.86230000
S 42.51530000 37.45000000 10.40780000
S 42.50260000 37.27350000 13.52960000
W 40.93440000 38.28070000 12.01710000
S 44.08050000 40.20040000 10.58110000
S 44.07450000 39.99720000 13.70150000
W 42.50500000 41.01840000 12.20040000
S 45.63560000 42.94270000 10.76930000
S 45.64870000 42.71930000 13.88860000
W 44.07170000 43.75050000 12.40290000
S 47.18040000 45.67590000 10.95930000
S 47.22640000 45.44060000 14.07770000
W 45.63500000 46.47680000 12.61180000
S 48.71650000 48.40010000 11.13640000
S 48.80770000 48.16250000 14.25380000
W 47.19550000 49.19800000 12.81120000
S 50.24770000 51.11600000 11.28650000
S 50.39140000 50.88590000 14.40270000
W 48.75430000 51.91490000 12.98450000
S 51.77940000 53.82460000 11.39900000
S 51.97510000 53.61090000 14.51400000
W 50.31290000 54.62830000 13.11770000
S 53.31730000 56.52650000 11.46810000
S 53.55660000 56.33760000 14.58190000
W 51.87260000 57.33910000 13.20090000
S 54.86540000 59.22150000 11.49130000
S 55.13450000 59.06610000 14.60460000
W 53.43440000 60.04760000 13.22920000
S 56.42530000 61.90960000 11.46810000
S 56.70860000 61.79690000 14.58190000
W 54.99920000 62.75450000 13.20090000
S 57.99620000 64.59240000 11.39900000
S 58.27920000 64.52980000 14.51400000
W 56.56690000 65.46060000 13.11770000
S 59.57610000 67.27320000 11.28650000
S 59.84720000 67.26390000 14.40270000
W 61.28890000 68.16580000 12.71240000
S 24.98330000 1.78487000 10.90330000
S 25.19210000 1.82300000 14.02360000
W 23.50660000 2.70252000 12.55950000
S 26.57780000 4.48054000 10.75070000
S 26.76180000 4.55357000 13.87170000
W 25.08670000 5.41638000 12.38520000
S 28.17470000 7.18726000 10.58710000
S 28.33260000 7.28126000 13.70880000
W 26.66930000 8.13501000 12.20330000
S 29.77350000 9.90642000 10.42570000
S 29.90530000 10.00650000 13.54830000
W 28.25430000 10.85910000 12.02810000
S 31.37350000 12.63750000 10.27880000
S 31.48000000 12.73040000 13.40230000
W 29.84150000 13.58880000 11.87140000
S 32.97390000 15.37890000 10.15590000
S 33.05620000 15.45440000 13.28040000
W 31.43000000 16.32390000 11.74210000
S 34.57390000 18.12850000 10.06390000
S 34.63310000 18.17940000 13.18930000
W 33.01890000 19.06350000 11.64620000
S 36.17230000 20.88410000 10.00720000
S 36.20980000 20.90580000 13.13320000
W 34.60720000 21.80670000 11.58740000
S 37.76800000 23.64370000 9.98807000
S 37.78560000 23.63350000 13.11420000
W 36.19400000 24.55240000 11.56760000
S 39.36000000 26.40540000 10.00720000
S 39.36000000 26.36200000 13.13320000
W 37.77850000 27.29950000 11.58740000
S 40.94720000 29.16740000 10.06390000
S 40.93280000 29.09070000 13.18930000
W 39.36000000 30.04660000 11.64620000
S 42.52840000 31.92780000 10.15590000
S 42.50420000 31.81880000 13.28040000
W 40.93810000 32.79240000 11.74210000
S 44.10230000 34.68450000 10.27880000
S 44.07520000 34.54580000 13.40230000
W 42.51250000 35.53560000 11.87140000
S 45.66750000 37.43570000 10.42570000
S 45.64680000 37.27150000 13.54830000
W 44.08290000 38.27500000 12.02810000
S 47.22300000 40.17990000 10.58710000
S 47.22060000 39.99610000 13.70880000
W 45.64950000 41.00970000 12.20330000
S 48.76860000 42.91620000 10.75070000
S 48.79740000 42.72040000 13.87170000
W 47.21260000 43.73960000 12.38520000
S 50.30590000 45.64490000 10.90330000
S 50.37730000 45.44500000 14.02360000
W 48.77290000 46.46490000 12.55950000
S 51.83820000 48.36700000 11.03300000
S 51.95900000 48.17030000 14.15220000
W 50.33110000 49.18640000 12.71240000
S 53.37060000 51.08380000 11.13200000
S 53.54040000 50.89610000 14.24980000
W 51.88860000 51.90470000 12.83260000
S 54.90840000 53.79590000 11.19710000
S 55.11980000 53.62170000 14.31340000
W 53.44700000 54.62000000 12.91410000
S 56.45590000 56.50280000 11.22890000
S 56.69620000 56.34710000 14.34420000
W 55.00790000 57.33260000 12.95480000
S 58.01510000 59.20340000 11.22890000
S 58.27010000 59.07310000 14.34420000
W 56.57250000 60.04250000 12.95480000
S 59.58560000 61.89700000 11.19710000
S 59.84210000 61.80110000 14.31340000
W 58.14120000 62.75060000 12.91410000
S 61.16550000 64.58480000 11.13200000
S 61.41290000 64.53160000 14.24980000
W 59.71350000 65.45780000 12.83260000
S 62.75210000 67.27030000 11.03300000
S 62.98280000 67.26400000 14.15220000
W 64.44810000 68.16480000 12.48040000
S 28.17140000 1.78577000 10.71400000
S 28.33540000 1.82273000 13.83680000
W 26.66940000 2.70323000 12.34990000
S 29.76820000 4.48401000 10.58610000
S 29.90750000 4.55367000 13.70940000
W 28.25240000 5.41868000 12.20080000
S 31.36670000 7.19230000 10.44850000
S 31.48060000 7.28196000 13.57210000
W 29.83730000 8.13853000 12.04530000
S 32.96630000 9.91210000 10.31310000
S 33.05520000 10.00780000 13.43720000
W 31.42400000 10.86340000 11.89630000
S 34.56640000 12.64310000 10.19140000
S 34.63100000 12.73200000 13.31610000
W 33.01200000 13.59340000 11.76510000
S 36.16610000 15.38380000 10.09270000
S 36.20760000 15.45610000 13.21810000
W 34.60060000 16.32830000 11.66020000
S 37.76430000 18.13220000 10.02360000
S 37.78420000 18.18080000 13.14950000
W 36.18870000 19.06740000 11.58740000
S 39.36000000 20.88620000 9.98807000
S 39.36000000 20.90660000 13.11420000
W 37.77550000 21.80970000 11.55030000
S 40.95200000 23.64370000 9.98807000
S 40.93440000 23.63350000 13.11420000
W 39.36000000 24.55410000 11.55030000
S 42.53920000 26.40260000 10.02360000
S 42.50710000 26.36100000 13.14950000
W 40.94150000 27.29950000 11.58740000
S 44.12020000 29.16090000 10.09270000
S 44.07850000 29.08870000 13.21810000
W 42.51960000 30.04440000 11.66020000
S 45.69390000 31.91660000 10.19140000
S 45.64920000 31.81620000 13.31610000
W 44.09380000 32.78760000 11.76510000
S 47.25900000 34.66780000 10.31310000
S 47.22060000 34.54300000 13.43720000
W 45.66400000 35.52780000 11.89630000
S 48.81460000 37.41300000 10.44850000
S 48.79400000 37.26950000 13.57210000
W 47.23050000 38.26440000 12.04530000
S 50.36080000 40.15150000 10.58610000
S 50.37020000 39.99600000 13.70940000
W 48.79350000 40.99690000 12.20080000
S 51.89920000 42.88350000 10.71400000
S 51.94920000 42.72300000 13.83680000
W 50.35360000 43.72550000 12.34990000
S 53.43280000 45.61020000 10.82180000
S 53.52960000 45.45050000 13.94370000
W 51.91170000 46.45090000 12.48040000
S 54.96620000 48.33310000 10.90330000
S 55.10940000 48.17780000 14.02390000
W 53.46870000 49.17360000 12.58320000
S 56.50440000 51.05300000 10.95730000
S 56.68700000 50.90410000 14.07640000
W 55.02630000 51.89360000 12.65480000
S 58.05160000 53.76990000 10.98700000
S 58.26190000 53.62870000 14.10490000
W 56.58620000 54.61080000 12.69580000
S 59.61000000 56.48220000 10.99630000
S 59.83490000 56.35230000 14.11370000
W 58.15010000 57.32500000 12.70900000
S 61.17970000 59.18790000 10.98700000
S 61.40710000 59.07630000 14.10490000
W 59.71880000 60.03650000 12.69580000
S 62.75900000 61.88620000 10.95730000
S 62.97930000 61.80260000 14.07640000
W 61.29200000 62.74610000 12.65480000
S 64.34540000 64.57840000 10.90330000
S 64.55150000 64.53200000 14.02390000
W 62.86880000 65.45500000 12.58320000
S 65.93680000 67.26780000 10.82180000
S 66.12350000 67.26380000 13.94370000
W 67.61360000 68.16390000 12.29210000
S 31.36460000 1.78644000 10.57060000
S 31.48260000 1.82260000 13.69540000
W 29.83760000 2.70397000 12.18480000
S 32.96300000 4.48652000 10.46740000
S 33.05660000 4.55392000 13.59240000
W 31.42280000 5.42065000 12.06080000
S 34.56250000 7.19571000 10.35520000
S 34.63130000 7.28263000 13.48020000
W 33.00940000 8.14128000 11.93100000
S 36.16240000 9.91554000 10.24490000
S 36.20710000 10.00870000 13.37000000
W 34.59710000 10.86640000 11.80730000
S 37.76180000 12.64590000 10.14740000
S 37.78350000 12.73300000 13.27270000
W 36.18530000 13.59630000 11.70050000
S 39.36000000 15.38550000 10.07150000
S 39.36000000 15.45670000 13.19710000
W 37.77330000 16.33060000 11.61870000
S 40.95570000 18.13220000 10.02360000
S 40.93580000 18.18080000 13.14950000
W 39.36000000 19.06870000 11.56760000
S 42.54770000 20.88410000 10.00720000
S 42.51020000 20.90580000 13.13320000
W 40.94450000 21.80970000 11.55030000
S 44.13490000 23.63870000 10.02360000
S 44.08290000 23.63170000 13.14950000
W 42.52600000 24.55240000 11.56760000
S 45.71580000 26.39400000 10.07150000
S 45.65410000 26.35840000 13.19710000
W 44.10390000 27.29560000 11.61870000
S 47.28930000 29.14780000 10.14740000
S 47.22470000 29.08560000 13.27270000
W 45.67790000 30.03800000 11.70050000
S 48.85410000 31.89820000 10.24490000
S 48.79580000 31.81290000 13.37000000
W 47.24790000 32.77840000 11.80730000
S 50.40960000 34.64370000 10.35520000
S 50.36870000 34.54060000 13.48020000
W 48.81410000 35.51590000 11.93100000
S 51.95610000 37.38340000 10.46740000
S 51.94450000 37.26870000 13.59240000
W 50.37700000 38.25020000 12.06080000
S 53.49520000 40.11780000 10.57060000
S 53.52290000 39.99750000 13.69540000
W 51.93710000 40.98150000 12.18480000
S 55.02990000 42.84790000 10.65550000
S 55.10260000 42.72670000 13.77970000
W 53.49510000 43.71000000 12.29210000
S 56.56450000 45.57530000 10.71720000
S 56.68150000 45.45570000 13.84020000
W 55.05210000 46.43620000 12.37530000
S 58.10350000 48.30120000 10.75590000
S 58.25810000 48.18330000 13.87760000
W 56.60940000 49.16040000 12.43200000
S 59.65080000 51.02580000 10.77630000
S 59.83190000 50.90860000 13.89670000
W 58.16880000 51.88210000 12.46520000
S 61.20860000 53.74780000 10.78440000
S 61.40380000 53.63180000 13.90410000
W 59.73190000 54.60120000 12.47990000
S 62.77730000 56.46490000 10.78440000
S 62.97540000 56.35390000 13.90410000
W 61.29990000 57.31710000 12.47990000
S 64.35570000 59.17500000 10.77630000
S 64.54770000 59.07680000 13.89670000
W 62.87310000 60.03030000 12.46520000
S 65.94170000 61.87730000 10.75590000
S 66.12110000 61.80240000 13.87760000
W 64.45060000 62.74170000 12.43200000
S 67.53290000 64.57310000 10.71720000
S 67.69500000 64.53160000 13.84020000
W 66.03110000 65.45240000 12.37530000
S 69.12760000 67.26580000 10.65550000
S 69.26880000 67.26350000 13.77970000
W 70.78370000 68.16330000 12.14950000
S 34.56130000 1.78689000 10.47420000
S 34.63250000 1.82253000 13.60030000
W 33.00960000 2.70459000 12.06590000
S 36.16080000 4.48804000 10.39570000
S 36.20780000 4.55413000 13.52170000
W 34.59640000 5.42207000 11.96670000
S 37.76060000 7.19742000 10.30830000
S 37.78360000 7.28301000 13.43390000
W 36.18400000 8.14302000 11.86190000
S 39.36000000 9.91670000 10.22210000
S 39.36000000 10.00900000 13.34750000
W 37.77210000 10.86800000 11.76250000
S 40.95820000 12.64590000 10.14740000
S 40.93650000 12.73300000 13.27270000
W 39.36000000 13.59730000 11.67880000
S 42.55390000 15.38380000 10.09270000
S 42.51240000 15.45610000 13.21810000
W 40.94670000 16.33060000 11.61870000
S 44.14610000 18.12850000 10.06390000
S 44.08690000 18.17940000 13.18930000
W 42.53130000 19.06740000 11.58740000
S 45.73330000 20.87760000 10.06390000
S 45.65970000 20.90350000 13.18930000
W 44.11280000 21.80670000 11.58740000
S 47.31420000 23.62880000 10.09270000
S 47.23080000 23.62870000 13.21810000
W 45.69060000 24.54730000 11.61870000
S 48.88740000 26.37980000 10.14740000
S 48.80120000 26.35500000 13.27270000
W 47.26440000 27.28810000 11.67880000
S 50.45190000 29.12840000 10.22210000
S 50.37190000 29.08220000 13.34750000
W 48.83410000 30.02790000 11.76250000
S 52.00710000 31.87320000 10.30830000
S 51.94450000 31.81050000 13.43390000
W 50.40000000 32.76570000 11.86190000
S 53.55360000 34.61330000 10.39570000
S 53.51990000 34.53960000 13.52170000
W 51.96260000 35.50110000 11.96670000
S 55.09320000 37.34910000 10.47420000
S 55.09790000 37.26960000 13.60030000
W 53.52260000 38.23410000 12.06590000
S 56.62880000 40.08160000 10.53550000
S 56.67720000 40.00010000 13.66140000
W 55.08070000 40.96490000 12.14950000
S 58.16440000 42.81240000 10.57590000
S 58.25580000 42.73030000 13.70090000
W 56.63790000 43.69400000 12.21140000
S 59.70430000 45.54280000 10.59650000
S 59.83190000 45.45920000 13.72040000
W 58.19530000 46.42150000 12.25040000
S 61.25190000 48.27330000 10.60290000
S 61.40510000 48.18580000 13.72560000
W 59.75450000 49.14730000 12.27060000
S 62.80940000 51.00290000 10.60250000
S 62.97630000 50.90980000 13.72440000
W 61.31700000 51.87090000 12.27860000
S 64.37740000 53.72970000 10.60160000
S 64.54710000 53.63170000 13.72310000
W 62.88440000 54.59170000 12.28050000
S 65.95490000 56.45100000 10.60250000
S 66.11900000 56.35310000 13.72440000
W 64.45700000 57.30950000 12.27860000
S 67.54010000 59.16470000 10.60290000
S 67.69240000 59.07570000 13.72560000
W 66.03440000 60.02450000 12.27060000
S 69.13090000 61.87020000 10.59650000
S 69.26710000 61.80150000 13.72040000
W 67.61550000 62.73760000 12.25040000
S 70.72560000 64.56900000 10.57590000
S 70.84230000 64.53090000 13.70090000
W 69.19890000 65.45010000 12.21140000
S 72.32270000 67.26430000 10.53550000
S 72.41750000 67.26310000 13.66140000
W 73.95700000 68.16280000 12.05370000
S 37.76020000 1.78712000 10.42570000
S 37.78400000 1.82250000 13.55260000
W 36.18420000 2.70499000 11.99400000
S 39.36000000 4.48855000 10.37170000
S 39.36000000 4.55421000 13.49810000
W 37.77190000 5.42282000 11.91940000
S 40.95940000 7.19742000 10.30830000
S 40.93640000 7.28301000 13.43390000
W 39.36000000 8.14362000 11.83870000
S 42.55760000 9.91554000 10.24490000
S 42.51290000 10.00870000 13.37000000
W 40.94790000 10.86800000 11.76250000
S 44.15360000 12.64310000 10.19140000
S 44.08900000 12.73200000 13.31610000
W 42.53470000 13.59630000 11.70050000
S 45.74610000 15.37890000 10.15590000
S 45.66380000 15.45440000 13.28040000
W 44.11940000 16.32830000 11.66020000
S 47.33350000 18.12100000 10.14350000
S 47.23680000 18.17680000 13.26790000
W 45.70110000 19.06350000 11.64620000
S 48.91450000 20.86680000 10.15590000
S 48.80800000 20.90030000 13.28040000
W 47.27900000 21.80080000 11.66020000
S 50.48760000 23.61380000 10.19140000
S 50.37820000 23.62530000 13.31610000
W 48.85260000 24.53930000 11.70050000
S 52.05170000 26.35980000 10.24490000
S 51.94870000 26.35190000 13.37000000
W 50.42200000 27.27760000 11.76250000
S 53.60660000 29.10290000 10.30830000
S 53.52090000 29.08010000 13.43390000
W 51.98740000 30.01500000 11.83870000
S 55.15280000 31.84250000 10.37170000
S 55.09590000 31.80970000 13.49810000
W 53.54970000 32.75070000 11.91940000
S 56.69240000 34.57870000 10.42570000
S 56.67370000 34.54040000 13.55260000
W 55.10950000 35.48460000 11.99400000
S 58.22850000 37.31250000 10.46310000
S 58.25280000 37.27160000 13.59000000
W 56.66780000 38.21700000 12.05370000
S 59.76500000 40.04570000 10.48100000
S 59.83130000 40.00260000 13.60730000
W 58.22520000 40.94810000 12.09320000
S 61.30570000 42.77940000 10.48130000
S 61.40750000 42.73240000 13.60670000
W 59.78290000 43.67830000 12.11250000
S 62.85390000 45.51430000 10.47040000
S 62.98060000 45.46020000 13.59490000
W 61.34220000 46.40730000 12.11620000
S 64.41140000 48.24990000 10.45660000
S 64.55150000 48.18550000 13.58030000
W 62.90460000 49.13490000 12.11200000
S 65.97890000 50.98450000 10.44740000
S 66.12170000 50.90840000 13.57070000
W 64.47140000 51.86030000 12.10760000
S 67.55560000 53.71540000 10.44740000
S 67.69290000 53.62980000 13.57070000
W 66.04330000 54.58300000 12.10760000
S 69.14000000 56.44010000 10.45660000
S 69.26590000 56.35110000 13.58030000
W 67.62020000 57.30260000 12.11200000
S 70.73040000 59.15680000 10.47040000
S 70.84060000 59.07410000 13.59490000
W 69.20120000 60.01940000 12.11620000
S 72.32480000 61.86500000 10.48130000
S 72.41640000 61.80040000 13.60670000
W 70.78500000 62.73440000 12.11250000
S 73.92190000 64.56620000 10.48100000
S 73.99240000 64.53030000 13.60730000
W 72.37050000 65.44850000 12.09320000
S 75.52070000 67.26340000 10.46310000
S 75.56820000 67.26280000 13.59000000
W 77.13210000 68.16260000 12.00560000
S 40.95980000 1.78712000 10.42570000
S 40.93600000 1.82250000 13.55260000
W 39.36000000 2.70512000 11.97000000
S 42.55920000 4.48804000 10.39570000
S 42.51220000 4.55413000 13.52170000
W 40.94810000 5.42282000 11.91940000
S 44.15750000 7.19571000 10.35520000
S 44.08870000 7.28263000 13.48020000
W 42.53600000 8.14302000 11.86190000
S 45.75370000 9.91210000 10.31310000
S 45.66480000 10.00780000 13.43720000
W 44.12290000 10.86640000 11.80730000
S 47.34650000 12.63750000 10.27880000
S 47.24000000 12.73040000 13.40230000
W 45.70800000 13.59340000 11.76510000
S 48.93440000 15.37080000 10.25960000
S 48.81340000 15.45190000 13.38280000
W 47.29000000 16.32390000 11.74210000
S 50.51570000 18.10970000 10.25960000
S 50.38490000 18.17390000 13.38280000
W 48.86810000 19.05720000 11.74210000
S 52.08880000 20.85150000 10.27880000
S 51.95520000 20.89730000 13.40230000
W 50.44180000 21.79250000 11.76510000
S 53.65270000 23.59360000 10.31310000
S 53.52540000 23.62270000 13.43720000
W 52.01090000 24.52870000 11.80730000
S 55.20710000 26.33420000 10.35520000
S 55.09740000 26.35030000 13.48020000
W 53.57590000 27.26480000 11.86190000
S 56.75280000 29.07220000 10.39570000
S 56.67210000 29.07980000 13.52170000
W 55.13770000 30.00000000 11.91940000
S 58.29220000 31.80770000 10.42570000
S 58.24970000 31.81070000 13.55260000
W 56.69730000 32.73420000 11.97000000
S 59.82850000 34.54200000 10.43890000
S 59.82880000 34.54220000 13.56620000
W 58.25550000 35.46730000 12.00560000
S 61.36550000 37.27640000 10.43320000
S 61.40740000 37.27350000 13.56030000
W 59.81320000 38.19980000 12.02190000
S 62.90690000 40.01240000 10.41160000
S 62.98380000 40.00370000 13.53800000
W 61.37130000 40.93170000 12.01960000
S 64.45570000 42.75070000 10.38100000
S 64.55720000 42.73230000 13.50670000
W 62.93100000 43.66330000 12.00430000
S 66.01350000 45.49080000 10.35020000
S 66.12820000 45.45880000 13.47530000
W 64.49350000 46.39420000 11.98430000
S 67.58080000 48.23140000 10.32780000
S 67.69820000 48.18310000 13.45250000
W 66.06010000 49.12360000 11.96810000
S 69.15700000 50.97020000 10.31960000
S 69.26890000 50.90560000 13.44430000
W 67.63140000 51.85100000 11.96190000
S 70.74080000 53.70460000 10.32780000
S 70.84130000 53.62710000 13.45250000
W 69.20770000 54.57550000 11.96810000
S 72.33050000 56.43230000 10.35020000
S 72.41560000 56.34900000 13.47530000
W 70.78820000 57.29700000 11.98430000
S 73.92470000 59.15150000 10.38100000
S 73.99130000 59.07270000 13.50670000
W 72.37200000 60.01560000 12.00430000
S 75.52170000 61.86190000 10.41160000
S 75.56770000 61.79960000 13.53800000
W 73.95770000 62.73210000 12.01960000
S 77.12040000 64.56480000 10.43320000
S 77.14400000 64.52990000 13.56030000
W 75.54460000 65.44740000 12.02190000
S 78.72000000 67.26310000 10.43890000
S 78.72000000 67.26270000 13.56620000
W 80.30790000 68.16260000 12.00560000
S 44.15870000 1.78689000 10.47420000
S 44.08750000 1.82253000 13.60030000
W 42.53580000 2.70499000 11.99400000
S 45.75700000 4.48652000 10.46740000
S 45.66340000 4.55392000 13.59240000
W 44.12360000 5.42207000 11.96670000
S 47.35330000 7.19230000 10.44850000
S 47.23940000 7.28196000 13.57210000
W 45.71060000 8.14128000 11.93100000
S 48.94650000 9.90642000 10.42570000
S 48.81470000 10.00650000 13.54830000
W 47.29600000 10.86340000 11.89630000
S 50.53500000 12.62920000 10.40780000
S 50.38850000 12.72840000 13.52960000
W 48.87850000 13.58880000 11.87140000
S 52.11680000 15.35930000 10.40100000
S 51.96060000 15.44960000 13.52260000
W 50.45710000 16.31760000 11.86230000
S 53.69030000 18.09430000 10.40780000
S 53.53110000 18.17160000 13.52960000
W 52.03100000 19.04910000 11.87140000
S 55.25410000 20.83140000 10.42570000
S 55.10150000 20.89560000 13.54830000
W 53.60000000 21.78230000 11.89630000
S 56.80790000 23.56820000 10.44850000
S 56.67330000 23.62210000 13.57210000
W 55.16480000 24.51630000 11.93100000
S 58.35300000 26.30360000 10.46740000
S 58.24790000 26.35090000 13.59240000
W 56.72610000 27.25030000 11.96670000
S 59.89180000 29.03750000 10.47420000
S 59.82540000 29.08140000 13.60030000
W 58.28530000 29.98390000 11.99400000
S 61.42790000 31.77110000 10.46310000
S 61.40460000 31.81260000 13.59000000
W 59.84340000 32.71710000 12.00560000
S 62.96500000 34.50580000 10.43320000
S 62.98350000 34.54370000 13.56030000
W 61.40120000 35.45000000 11.99800000
S 64.50700000 37.24310000 10.38830000
S 64.56020000 37.27390000 13.51510000
W 62.95970000 38.18300000 11.97290000
S 66.05630000 39.98370000 10.33590000
S 66.13400000 40.00280000 13.46230000
W 64.51980000 40.91630000 11.93660000
S 67.61460000 42.72720000 10.28560000
S 67.70530000 42.73010000 13.41160000
W 66.08260000 43.64960000 11.89790000
S 69.18200000 45.47250000 10.24630000
S 69.27550000 45.45580000 13.37210000
W 67.64920000 46.38250000 11.86590000
S 70.75800000 48.21760000 10.22480000
S 70.84600000 48.17990000 13.35050000
W 69.22040000 49.11410000 11.84790000
S 72.34130000 50.96010000 10.22480000
S 72.41800000 50.90270000 13.35050000
W 70.79620000 51.84340000 11.84790000
S 73.93070000 53.69740000 10.24630000
S 73.99190000 53.62480000 13.37210000
W 72.37620000 54.56980000 11.86590000
S 75.52440000 56.42750000 10.28560000
S 75.56730000 56.34740000 13.41160000
W 73.95960000 57.29300000 11.89790000
S 77.12130000 59.14880000 10.33590000
S 77.14360000 59.07190000 13.46230000
W 75.54530000 60.01310000 11.93660000
S 78.72000000 61.86080000 10.38830000
S 78.72000000 61.79930000 13.51510000
W 77.13240000 62.73090000 11.97290000
S 80.31960000 64.56480000 10.43320000
S 80.29600000 64.52990000 13.56030000
W 78.72000000 65.44710000 11.99800000
S 81.91930000 67.26340000 10.46310000
S 81.87180000 67.26280000 13.59000000
W 83.48300000 68.16280000 12.05370000
S 47.35540000 1.78644000 10.57060000
S 47.23740000 1.82260000 13.69540000
W 45.71040000 2.70459000 12.06590000
S 48.95180000 4.48401000 10.58610000
S 48.81250000 4.55367000 13.70940000
W 47.29720000 5.42065000 12.06080000
S 50.54530000 7.18726000 10.58710000
S 50.38740000 7.28126000 13.70880000
W 48.88270000 8.13853000 12.04530000
S 52.13440000 9.89851000 10.58110000
S 51.96140000 10.00530000 13.70150000
W 50.46570000 10.85910000 12.02810000
S 53.71690000 12.61800000 10.57570000
S 53.53390000 12.72700000 13.69550000
W 52.04490000 13.58290000 12.01710000
S 55.29090000 15.34430000 10.57570000
S 55.10510000 15.44830000 13.69550000
W 53.61930000 16.30990000 12.01710000
S 56.85480000 18.07460000 10.58110000
S 56.67590000 18.17100000 13.70150000
W 55.18860000 19.03940000 12.02810000
S 58.40830000 20.80640000 10.58710000
S 58.24790000 20.89610000 13.70880000
W 56.75320000 21.77060000 12.04530000
S 59.95260000 23.53800000 10.58610000
S 59.82260000 23.62380000 13.70940000
W 58.31420000 24.50260000 12.06080000
S 61.49060000 26.26930000 10.57060000
S 61.40030000 26.35340000 13.69540000
W 59.87300000 27.23490000 12.06590000
S 63.02610000 29.00120000 10.53550000
S 62.97970000 29.08380000 13.66140000
W 61.43070000 29.96720000 12.05370000
S 64.56310000 31.73520000 10.48100000
S 64.55900000 31.81410000 13.60730000
W 62.98860000 32.69990000 12.02190000
S 66.10520000 34.47280000 10.41160000
S 66.13620000 34.54370000 13.53800000
W 64.54730000 35.43320000 11.97290000
S 67.65500000 37.21460000 10.33590000
S 67.71040000 37.27240000 13.46230000
W 66.10780000 38.16740000 11.91400000
S 69.21370000 39.96060000 10.26390000
S 69.28220000 40.00010000 13.39020000
W 67.67110000 40.90240000 11.85430000
S 70.78140000 42.70940000 10.20510000
S 70.85260000 42.72680000 13.33140000
W 69.23800000 43.63790000 11.80370000
S 72.35740000 45.45940000 10.16670000
S 72.42320000 45.45250000 13.29310000
W 70.80910000 46.37300000 11.77000000
S 73.94060000 48.20840000 10.15340000
S 73.99500000 48.17700000 13.27980000
W 72.38460000 49.10670000 11.75820000
S 75.52970000 50.95390000 10.16670000
S 75.56860000 50.90050000 13.29310000
W 73.96430000 51.83800000 11.77000000
S 77.12330000 53.69380000 10.20510000
S 77.14380000 53.62350000 13.33140000
W 75.54740000 54.56620000 11.80370000
S 78.72000000 56.42590000 10.26390000
S 78.72000000 56.34690000 13.39020000
W 77.13300000 57.29100000 11.85430000
S 80.31870000 59.14880000 10.33590000
S 80.29640000 59.07190000 13.46230000
W 78.72000000 60.01230000 11.91400000
S 81.91830000 61.86190000 10.41160000
S 81.87230000 61.79960000 13.53800000
W 80.30760000 62.73090000 11.97290000
S 83.51810000 64.56620000 10.48100000
S 83.44760000 64.53030000 13.60730000
W 81.89540000 65.44740000 12.02190000
S 85.11730000 67.26430000 10.53550000
S 85.02250000 67.26310000 13.66140000
W 86.65630000 68.16330000 12.14950000
S 50.54860000 1.78577000 10.71400000
S 50.38460000 1.82273000 13.83680000
W 48.88240000 2.70397000 12.18480000
S 52.14220000 4.48054000 10.75070000
S 51.95820000 4.55357000 13.87170000
W 50.46760000 5.41868000 12.20080000
S 53.73170000 7.18058000 10.76930000
S 53.53160000 7.28097000 13.88860000
W 52.05070000 8.13501000 12.20330000
S 55.31490000 9.88828000 10.77640000
S 55.10430000 10.00500000 13.89450000
W 53.63040000 10.85400000 12.20040000
S 56.88970000 12.60380000 10.77800000
S 56.67600000 12.72710000 13.89560000
W 55.20560000 13.57610000 12.19860000
S 58.45400000 15.32530000 10.77640000
S 58.24760000 15.44930000 13.89450000
W 56.77540000 16.30120000 12.20040000
S 60.00730000 18.05020000 10.76930000
S 59.82030000 18.17330000 13.88860000
W 58.34020000 19.02880000 12.20330000
S 61.55080000 20.77680000 10.75070000
S 61.39560000 20.89960000 13.87170000
W 59.90110000 21.75800000 12.20080000
S 63.08780000 23.50420000 10.71400000
S 62.97380000 23.62780000 13.83680000
W 61.45950000 24.48810000 12.18480000
S 64.62230000 26.23340000 10.65550000
S 64.55370000 26.35690000 13.77970000
W 63.01700000 27.21890000 12.14950000
S 66.15880000 28.96570000 10.57590000
S 66.13340000 29.08580000 13.70090000
W 64.57470000 29.95050000 12.09320000
S 67.70090000 31.70260000 10.48130000
S 67.71110000 31.81420000 13.60670000
W 66.13360000 32.68320000 12.01960000
S 69.25100000 34.44490000 10.38100000
S 69.28590000 34.54200000 13.50670000
W 67.69440000 35.41760000 11.93660000
S 70.81010000 37.19230000 10.28560000
S 70.85800000 37.26950000 13.41160000
W 69.25810000 38.15360000 11.85430000
S 72.37820000 39.94380000 10.20510000
S 72.42880000 39.99670000 13.33140000
W 70.82530000 40.89100000 11.78280000
S 73.95440000 42.69760000 10.14710000
S 73.99950000 42.72370000 13.27370000
W 72.39660000 43.62890000 11.73040000
S 75.53760000 45.45160000 10.11680000
S 75.57140000 45.44990000 13.24370000
W 73.97210000 46.36630000 11.70280000
S 77.12650000 48.20380000 10.11680000
S 77.14490000 48.17530000 13.24370000
W 75.55160000 49.10210000 11.70280000
S 78.72000000 50.95190000 10.14710000
S 78.72000000 50.89970000 13.27370000
W 77.13450000 51.83530000 11.73040000
S 80.31670000 53.69380000 10.20510000
S 80.29620000 53.62350000 13.33140000
W 78.72000000 54.56500000 11.78280000
S 81.91560000 56.42750000 10.28560000
S 81.87270000 56.34740000 13.41160000
W 80.30700000 57.29100000 11.85430000
S 83.51530000 59.15150000 10.38100000
S 83.44870000 59.07270000 13.50670000
W 81.89470000 60.01310000 11.93660000
S 85.11520000 61.86500000 10.48130000
S 85.02360000 61.80040000 13.60670000
W 83.48230000 62.73210000 12.01960000
S 86.71440000 64.56900000 10.57590000
S 86.59770000 64.53090000 13.70090000
W 85.06950000 65.44850000 12.09320000
S 88.31240000 67.26580000 10.65550000
S 88.17120000 67.26350000 13.77970000
W 89.82640000 68.16390000 12.29210000
S 53.73670000 1.78487000 10.90330000
S 53.52790000 1.82300000 14.02360000
W 52.05060000 2.70323000 12.34990000
S 55.32630000 4.47611000 10.95930000
S 55.09950000 4.55396000 14.07770000
W 53.63330000 5.41638000 12.38520000
S 56.91000000 7.17219000 10.99240000
S 56.67140000 7.28180000 14.10890000
W 55.21310000 8.13107000 12.40290000
S 58.48550000 9.87545000 11.00710000
S 58.24320000 10.00670000 14.12260000
W 56.78890000 10.84840000 12.40960000
S 60.05030000 12.58590000 11.00710000
S 59.81560000 12.73010000 14.12260000
W 58.35950000 13.56870000 12.40960000
S 61.60370000 15.30190000 10.99240000
S 61.38950000 15.45380000 14.10890000
W 59.92490000 16.29200000 12.40290000
S 63.14670000 18.02150000 10.95930000
S 62.96590000 18.17890000 14.07770000
W 61.48590000 19.01760000 12.38520000
S 64.68260000 20.74370000 10.90330000
S 64.54520000 20.90550000 14.02360000
W 63.04420000 21.74470000 12.34990000
S 66.21600000 23.46900000 10.82180000
S 66.12600000 23.63280000 13.94370000
W 64.60150000 24.47320000 12.29210000
S 67.75160000 26.19870000 10.71720000
S 67.70650000 26.35980000 13.84020000
W 66.15910000 27.20290000 12.21140000
S 69.29340000 28.93410000 10.59650000
S 69.28480000 29.08640000 13.72040000
W 67.71800000 29.93440000 12.11250000
S 70.84350000 31.67590000 10.47040000
S 70.86000000 31.81270000 13.59490000
W 69.27900000 32.66820000 12.00430000
S 72.40290000 34.42400000 10.35020000
S 72.43260000 34.53930000 13.47530000
W 70.84300000 35.40440000 11.89790000
S 73.97130000 37.17710000 10.24630000
S 74.00360000 37.26640000 13.37210000
W 72.41050000 38.14290000 11.80370000
S 75.54780000 39.93370000 10.16670000
S 75.57460000 39.99410000 13.29310000
W 73.98210000 40.88280000 11.73040000
S 77.13100000 42.69160000 10.11680000
S 77.14650000 42.72180000 13.24370000
W 75.55770000 43.62320000 11.68410000
S 78.72000000 45.44900000 10.09990000
S 78.72000000 45.44900000 13.22690000
W 77.13710000 46.36290000 11.66830000
S 80.31350000 48.20380000 10.11680000
S 80.29510000 48.17530000 13.24370000
W 78.72000000 49.10060000 11.68410000
S 81.91030000 50.95390000 10.16670000
S 81.87140000 50.90050000 13.29310000
W 80.30550000 51.83530000 11.73040000
S 83.50930000 53.69740000 10.24630000
S 83.44810000 53.62480000 13.37210000
W 81.89260000 54.56620000 11.80370000
S 85.10950000 56.43230000 10.35020000
S 85.02440000 56.34900000 13.47530000
W 83.48040000 57.29300000 11.89790000
S 86.70960000 59.15680000 10.47040000
S 86.59940000 59.07410000 13.59490000
W 85.06800000 60.01560000 12.00430000
S 88.30910000 61.87020000 10.59650000
S 88.17290000 61.80150000 13.72040000
W 86.65500000 62.73440000 12.11250000
S 89.90710000 64.57310000 10.71720000
S 89.74500000 64.53160000 13.84020000
W 88.24110000 65.45010000 12.21140000
S 91.50320000 67.26780000 10.82180000
S 91.31650000 67.26380000 13.94370000
W 92.99190000 68.16480000 12.48040000
S 56.91740000 1.78373000 11.13640000
S 56.66610000 1.82354000 14.25380000
W 55.21340000 2.70252000 12.55950000
S 58.50130000 4.47066000 11.20910000
S 58.23580000 4.55542000 14.32450000
W 56.79260000 5.41406000 12.61180000
S 60.07710000 7.16187000 11.25130000
S 59.80670000 7.28477000 14.36510000
W 58.36850000 8.12716000 12.64030000
S 61.64250000 9.85967000 11.26500000
S 61.37940000 10.01160000 14.37820000
W 59.93970000 10.84280000 12.64920000
S 63.19620000 12.56430000 11.25130000
S 62.95460000 12.73700000 14.36510000
W 61.50590000 13.56130000 12.64030000
S 64.73890000 15.27460000 11.20910000
S 64.53280000 15.46210000 14.32450000
W 63.06760000 16.28260000 12.61180000
S 66.27400000 17.98970000 11.13640000
S 66.11380000 18.18740000 14.25380000
W 64.62620000 19.00610000 12.55950000
S 67.80620000 20.70970000 11.03300000
S 67.69620000 20.91270000 14.15220000
W 66.18350000 21.73130000 12.48040000
S 69.34080000 23.43560000 10.90330000
S 69.27790000 23.63730000 14.02390000
W 67.74100000 24.45840000 12.37530000
S 70.88190000 26.16850000 10.75590000
S 70.85700000 26.36140000 13.87760000
W 69.29990000 27.18790000 12.25040000
S 72.43180000 28.90910000 10.60290000
S 72.43270000 29.08550000 13.72560000
W 70.86110000 29.92030000 12.11620000
S 73.99140000 31.65700000 10.45660000
S 74.00560000 31.81050000 13.58030000
W 72.42530000 32.65590000 11.98430000
S 75.56000000 34.41100000 10.32780000
S 75.57690000 34.53680000 13.45250000
W 73.99310000 35.39470000 11.86590000
S 77.13660000 37.16940000 10.22480000
S 77.14800000 37.26450000 13.35050000
W 75.56480000 38.13600000 11.77000000
S 78.72000000 39.93030000 10.15340000
S 78.72000000 39.99310000 13.27980000
W 77.14050000 40.87860000 11.70280000
S 80.30900000 42.69160000 10.11680000
S 80.29350000 42.72180000 13.24370000
W 78.72000000 43.62130000 11.66830000
S 81.90240000 45.45160000 10.11680000
S 81.86860000 45.44990000 13.24370000
W 80.30290000 46.36290000 11.66830000
S 83.49940000 48.20840000 10.15340000
S 83.44500000 48.17700000 13.27980000
W 81.88840000 49.10210000 11.70280000
S 85.09870000 50.96010000 10.22480000
S 85.02200000 50.90270000 13.35050000
W 83.47570000 51.83800000 11.77000000
S 86.69920000 53.70460000 10.32780000
S 86.59870000 53.62710000 13.45250000
W 85.06380000 54.56980000 11.86590000
S 88.30000000 56.44010000 10.45660000
S 88.17410000 56.35110000 13.58030000
W 86.65180000 57.29700000 11.98430000
S 89.89990000 59.16470000 10.60290000
S 89.74760000 59.07570000 13.72560000
W 88.23880000 60.01940000 12.11620000
S 91.49830000 61.87730000 10.75590000
S 91.31890000 61.80240000 13.87760000
W 89.82450000 62.73760000 12.25040000
S 93.09460000 64.57840000 10.90330000
S 92.88850000 64.53200000 14.02390000
W 91.40890000 65.45240000 12.37530000
S 94.68790000 67.27030000 11.03300000
S 94.45720000 67.26400000 14.15220000
W 96.15110000 68.16580000 12.71240000
S 60.08750000 1.78225000 11.40940000
S 59.79920000 1.82460000 14.52400000
W 58.36900000 2.70204000 12.81120000
S 61.66330000 4.46404000 11.49370000
S 61.36780000 4.55867000 14.60660000
W 59.94410000 5.41212000 12.87630000
S 63.22890000 7.14944000 11.53630000
S 62.93980000 7.29089000 14.64810000
W 61.51540000 8.12376000 12.90820000
S 64.78280000 9.84100000 11.53630000
S 64.51580000 10.02060000 14.64810000
W 63.08230000 10.83780000 12.90820000
S 66.32570000 12.53960000 11.49370000
S 66.09600000 12.74810000 14.60660000
W 64.64500000 13.55440000 12.87630000
S 67.86030000 15.24510000 11.40940000
S 67.67950000 15.47360000 14.52400000
W 66.20450000 16.27350000 12.81120000
S 69.39160000 17.95780000 11.28650000
S 69.26410000 18.19730000 14.40270000
W 67.76220000 18.99480000 12.71240000
S 70.92520000 20.67840000 11.13200000
S 70.84750000 20.91930000 14.24980000
W 69.31990000 21.71850000 12.58320000
S 72.46550000 23.40780000 10.95730000
S 72.42770000 23.64040000 14.07640000
W 70.87880000 24.44500000 12.43200000
S 74.01500000 26.14620000 10.77630000
S 74.00410000 26.36160000 13.89670000
W 72.44010000 27.17520000 12.27060000
S 75.57460000 28.89310000 10.60250000
S 75.57730000 29.08420000 13.72440000
W 74.00440000 29.90950000 12.11200000
S 77.14330000 31.64720000 10.44740000
S 77.14880000 31.80890000 13.57070000
W 75.57240000 32.64790000 11.96810000
S 78.72000000 34.40660000 10.31960000
S 78.72000000 34.53580000 13.44430000
W 77.14420000 35.38960000 11.84790000
S 80.30340000 37.16940000 10.22480000
S 80.29200000 37.26450000 13.35050000
W 78.72000000 38.13360000 11.75820000
S 81.89220000 39.93370000 10.16670000
S 81.86540000 39.99410000 13.29310000
W 80.29950000 40.87860000 11.70280000
S 83.48560000 42.69760000 10.14710000
S 83.44050000 42.72370000 13.27370000
W 81.88230000 43.62320000 11.68410000
S 85.08260000 45.45940000 10.16670000
S 85.01680000 45.45250000 13.29310000
W 83.46790000 46.36630000 11.70280000
S 86.68200000 48.21760000 10.22480000
S 86.59400000 48.17990000 13.35050000
W 85.05540000 49.10670000 11.75820000
S 88.28300000 50.97020000 10.31960000
S 88.17110000 50.90560000 13.44430000
W 86.64380000 51.84340000 11.84790000
S 89.88440000 53.71540000 10.44740000
S 89.74710000 53.62980000 13.57070000
W 88.23230000 54.57550000 11.96810000
S 91.48510000 56.45100000 10.60250000
S 91.32100000 56.35310000 13.72440000
W 89.81980000 57.30260000 12.11200000
S 93.08430000 59.17500000 10.77630000
S 92.89230000 59.07680000 13.89670000
W 91.40560000 60.02450000 12.27060000
S 94.68100000 61.88620000 10.95730000
S 94.46070000 61.80260000 14.07640000
W 92.98940000 62.74170000 12.43200000
S 96.27450000 64.58480000 11.13200000
S 96.02710000 64.53160000 14.24980000
W 94.57120000 65.45500000 12.58320000
S 97.86390000 67.27320000 11.28650000
S 97.59280000 67.26390000 14.40270000
W 99.30240000 68.16710000 12.98450000
S 63.24210000 1.78032000 11.71370000
S 62.92920000 1.82646000 14.82630000
W 61.51590000 2.70203000 13.09920000
S 64.80730000 4.45624000 11.80050000
S 64.49920000 4.56428000 14.91200000
W 63.08630000 5.41095000 13.16990000
S 66.36130000 7.13529000 11.83010000
S 66.07500000 7.30057000 14.94120000
W 64.65350000 8.12132000 13.19370000
S 67.90440000 9.82061000 11.80050000
S 67.65680000 10.03350000 14.91200000
W 66.21710000 10.83370000 13.16990000
S 69.43930000 12.51410000 11.71370000
S 69.24280000 12.76200000 14.82630000
W 67.77790000 13.54820000 13.09920000
S 70.97030000 15.21690000 11.57630000
S 70.83030000 15.48610000 14.69000000
W 69.33680000 16.26500000 12.98450000
S 72.50320000 17.93000000 11.39900000
S 72.41590000 18.20630000 14.51400000
W 70.89510000 18.98450000 12.83260000
S 74.04280000 20.65410000 11.19710000
S 73.99760000 20.92430000 14.31340000
W 72.45430000 21.70740000 12.65480000
S 75.59190000 23.38920000 10.98700000
S 75.57480000 23.64190000 14.10490000
W 74.01560000 24.43450000 12.46520000
S 77.15130000 26.13430000 10.78440000
S 77.14840000 26.36130000 13.90410000
W 75.58000000 27.16670000 12.27860000
S 78.72000000 28.88760000 10.60160000
S 78.72000000 29.08360000 13.72310000
W 77.14810000 29.90370000 12.10760000
S 80.29670000 31.64720000 10.44740000
S 80.29120000 31.80890000 13.57070000
W 78.72000000 32.64500000 11.96190000
S 81.88000000 34.41100000 10.32780000
S 81.86310000 34.53680000 13.45250000
W 80.29580000 35.38960000 11.84790000
S 83.46870000 37.17710000 10.24630000
S 83.43640000 37.26640000 13.37210000
W 81.87520000 38.13600000 11.77000000
S 85.06180000 39.94380000 10.20510000
S 85.01120000 39.99670000 13.33140000
W 83.45790000 40.88280000 11.73040000
S 86.65860000 42.70940000 10.20510000
S 86.58740000 42.72680000 13.33140000
W 85.04340000 43.62890000 11.73040000
S 88.25800000 45.47250000 10.24630000
S 88.16450000 45.45580000 13.37210000
W 86.63090000 46.37300000 11.77000000
S 89.85920000 48.23140000 10.32780000
S 89.74180000 48.18310000 13.45250000
W 88.21960000 49.11410000 11.84790000
S 91.46110000 50.98450000 10.44740000
S 91.31830000 50.90840000 13.57070000
W 89.80860000 51.85100000 11.96190000
S 93.06260000 53.72970000 10.60160000
S 92.89290000 53.63170000 13.72310000
W 91.39670000 54.58300000 12.10760000
S 94.66270000 56.46490000 10.78440000
S 94.46460000 56.35390000 13.90410000
W 92.98300000 57.30950000 12.27860000
S 96.26030000 59.18790000 10.98700000
S 96.03290000 59.07630000 14.10490000
W 94.56690000 60.03030000 12.46520000
S 97.85440000 61.89700000 11.19710000
S 97.59790000 61.80110000 14.31340000
W 96.14800000 62.74610000 12.65480000
S 99.44380000 64.59240000 11.39900000
S 99.16080000 64.52980000 14.51400000
W 97.72650000 65.45780000 12.83260000
S 101.02700000 67.27650000 11.57630000
S 100.72400000 67.26320000 14.69000000
W 102.44400000 68.16860000 13.28870000
S 66.37620000 1.77790000 12.03190000
S 66.06130000 1.82927000 15.14430000
W 64.65320000 2.70266000 13.41150000
S 67.92960000 4.44777000 12.10680000
S 67.63600000 4.57217000 15.21930000
W 66.21970000 5.41085000 13.47560000
S 69.47290000 7.12087000 12.10680000
S 69.21840000 7.31290000 15.21930000
W 67.78390000 8.12017000 13.47560000
S 71.00840000 9.80112000 12.03190000
S 70.80650000 10.04810000 15.14430000
W 69.34600000 10.83090000 13.41150000
S 72.54000000 12.49150000 11.88980000
S 72.39660000 12.77600000 15.00230000
W 70.90650000 13.54330000 13.28870000
S 74.07290000 15.19440000 11.69540000
S 73.98470000 15.49680000 14.80820000
W 72.46600000 16.25810000 13.11770000
S 75.61210000 17.91090000 11.46810000
S 75.56810000 18.21260000 14.58190000
W 74.02580000 18.97650000 12.91410000
S 77.16080000 20.64080000 11.22890000
S 77.14610000 20.92680000 14.34420000
W 75.58740000 21.69970000 12.69580000
S 78.72000000 23.38270000 10.99630000
S 78.72000000 23.64240000 14.11370000
W 77.15190000 24.42870000 12.47990000
S 80.28870000 26.13430000 10.78440000
S 80.29160000 26.36130000 13.90410000
W 78.72000000 27.16360000 12.28050000
S 81.86540000 28.89310000 10.60250000
S 81.86270000 29.08420000 13.72440000
W 80.29190000 29.90370000 12.10760000
S 83.44860000 31.65700000 10.45660000
S 83.43440000 31.81050000 13.58030000
W 81.86760000 32.64790000 11.96810000
S 85.03710000 34.42400000 10.35020000
S 85.00740000 34.53930000 13.47530000
W 83.44690000 35.39470000 11.86590000
S 86.62990000 37.19230000 10.28560000
S 86.58200000 37.26950000 13.41160000
W 85.02950000 38.14290000 11.80370000
S 88.22630000 39.96060000 10.26390000
S 88.15780000 40.00010000 13.39020000
W 86.61470000 40.89100000 11.78280000
S 89.82540000 42.72720000 10.28560000
S 89.73470000 42.73010000 13.41160000
W 88.20200000 43.63790000 11.80370000
S 91.42650000 45.49080000 10.35020000
S 91.31180000 45.45880000 13.47530000
W 89.79080000 46.38250000 11.86590000
S 93.02860000 48.24990000 10.45660000
S 92.88850000 48.18550000 13.58030000
W 91.37990000 49.12360000 11.96810000
S 94.63060000 51.00290000 10.60250000
S 94.46370000 50.90980000 13.72440000
W 92.96860000 51.86030000 12.10760000
S 96.23140000 53.74780000 10.78440000
S 96.03620000 53.63180000 13.90410000
W 94.55560000 54.59170000 12.28050000
S 97.83000000 56.48220000 10.99630000
S 97.60510000 56.35230000 14.11370000
W 96.14010000 57.31710000 12.47990000
S 99.42490000 59.20340000 11.22890000
S 99.16990000 59.07310000 14.34420000
W 97.72120000 60.03650000 12.69580000
S 101.01500000 61.90960000 11.46810000
S 100.73100000 61.79690000 14.58190000
W 99.29880000 62.75060000 12.91410000
S 102.59800000 64.60090000 11.69540000
S 102.29200000 64.52610000 14.80820000
W 100.87300000 65.46060000 13.11770000
S 104.17200000 67.27980000 11.88980000
S 103.85400000 67.26180000 15.00230000
W 105.57700000 68.17020000 13.60780000
S 69.48690000 1.77528000 12.33540000
S 69.20320000 1.83277000 15.45060000
W 67.78240000 2.70392000 13.72580000
S 71.02990000 4.43985000 12.38100000
S 70.78530000 4.58111000 15.49680000
W 69.34640000 5.41184000 13.76660000
S 72.56600000 7.10846000 12.33540000
S 72.37440000 7.32539000 15.45060000
W 70.90950000 8.12029000 13.72580000
S 74.09850000 9.78582000 12.20420000
S 73.96640000 10.06100000 15.31800000
W 72.47150000 10.82930000 13.60780000
S 75.63210000 12.47600000 12.00350000
S 75.55650000 12.78630000 15.11610000
W 74.03260000 13.53980000 13.42620000
S 77.17140000 15.18190000 11.75720000
S 77.14130000 15.50290000 14.86940000
W 75.59340000 16.25340000 13.20090000
S 78.72000000 17.90410000 11.49130000
S 78.72000000 18.21490000 14.60460000
W 77.15540000 18.97200000 12.95480000
S 80.27920000 20.64080000 11.22890000
S 80.29390000 20.92680000 14.34420000
W 78.72000000 21.69700000 12.70900000
S 81.84810000 23.38920000 10.98700000
S 81.86520000 23.64190000 14.10490000
W 80.28810000 24.42870000 12.47990000
S 83.42500000 26.14620000 10.77630000
S 83.43590000 26.36160000 13.89670000
W 81.86000000 27.16670000 12.27860000
S 85.00820000 28.90910000 10.60290000
S 85.00730000 29.08550000 13.72560000
W 83.43560000 29.90950000 12.11200000
S 86.59650000 31.67590000 10.47040000
S 86.58000000 31.81270000 13.59490000
W 85.01470000 32.65590000 11.98430000
S 88.18900000 34.44490000 10.38100000
S 88.15410000 34.54200000 13.50670000
W 86.59700000 35.40440000 11.89790000
S 89.78500000 37.21460000 10.33590000
S 89.72960000 37.27240000 13.46230000
W 88.18190000 38.15360000 11.85430000
S 91.38370000 39.98370000 10.33590000
S 91.30600000 40.00280000 13.46230000
W 89.76890000 40.90240000 11.85430000
S 92.98430000 42.75070000 10.38100000
S 92.88280000 42.73230000 13.50670000
W 91.35740000 43.64960000 11.89790000
S 94.58610000 45.51430000 10.47040000
S 94.45940000 45.46020000 13.59490000
W 92.94650000 46.39420000 11.98430000
S 96.18810000 48.27330000 10.60290000
S 96.03490000 48.18580000 13.72560000
W 94.53540000 49.13490000 12.11200000
S 97.78920000 51.02580000 10.77630000
S 97.60810000 50.90860000 13.89670000
W 96.12300000 51.87090000 12.27860000
S 99.38840000 53.76990000 10.98700000
S 99.17810000 53.62870000 14.10490000
W 97.70810000 54.60120000 12.47990000
S 100.98400000 56.50280000 11.22890000
S 100.74400000 56.34710000 14.34420000
W 99.28990000 57.32500000 12.70900000
S 102.57500000 59.22150000 11.49130000
S 102.30500000 59.06610000 14.60460000
W 100.86700000 60.04250000 12.95480000
S 104.15800000 61.92370000 11.75720000
S 103.86500000 61.78920000 14.86940000
W 102.44100000 62.75450000 13.20090000
S 105.73100000 64.60970000 12.00350000
S 105.42500000 64.52000000 15.11610000
W 104.01000000 65.46300000 13.42620000
S 107.29500000 67.28290000 12.20420000
S 106.99000000 67.25980000 15.31800000
W 108.70400000 68.17160000 13.91390000
S 72.57650000 1.77298000 12.58820000
S 72.36100000 1.83620000 15.70850000
W 70.90690000 2.70561000 14.00920000
S 74.11280000 4.43390000 12.58820000
S 73.95030000 4.58894000 15.70850000
W 72.47030000 5.41352000 14.00920000
S 75.64620000 7.10021000 12.48620000
S 75.54320000 7.33472000 15.60420000
W 74.03350000 8.12115000 13.91390000
S 77.18040000 9.77746000 12.29610000
S 77.13440000 10.06870000 15.41090000
W 75.59580000 10.82880000 13.73600000
S 78.72000000 12.47050000 12.04280000
S 78.72000000 12.79020000 15.15540000
W 77.15760000 13.53810000 13.49840000
S 80.26860000 15.18190000 11.75720000
S 80.29870000 15.50290000 14.86940000
W 78.72000000 16.25180000 13.22920000
S 81.82790000 17.91090000 11.46810000
S 81.87190000 18.21260000 14.58190000
W 80.28460000 18.97200000 12.95480000
S 83.39720000 20.65410000 11.19710000
S 83.44240000 20.92430000 14.31340000
W 81.85260000 21.69970000 12.69580000
S 84.97450000 23.40780000 10.95730000
S 85.01230000 23.64040000 14.07640000
W 83.42440000 24.43450000 12.46520000
S 86.55810000 26.16850000 10.75590000
S 86.58300000 26.36140000 13.87760000
W 84.99990000 27.17520000 12.27060000
S 88.14660000 28.93410000 10.59650000
S 88.15520000 29.08640000 13.72040000
W 86.57890000 29.92030000 12.11620000
S 89.73910000 31.70260000 10.48130000
S 89.72890000 31.81420000 13.60670000
W 88.16100000 32.66820000 12.00430000
S 91.33480000 34.47280000 10.41160000
S 91.30380000 34.54370000 13.53800000
W 89.74560000 35.41760000 11.93660000
S 92.93300000 37.24310000 10.38830000
S 92.87980000 37.27390000 13.51510000
W 91.33220000 38.16740000 11.91400000
S 94.53310000 40.01240000 10.41160000
S 94.45620000 40.00370000 13.53800000
W 92.92020000 40.91630000 11.93660000
S 96.13430000 42.77940000 10.48130000
S 96.03250000 42.73240000 13.60670000
W 94.50900000 43.66330000 12.00430000
S 97.73570000 45.54280000 10.59650000
S 97.60810000 45.45920000 13.72040000
W 96.09780000 46.40730000 12.11620000
S 99.33650000 48.30120000 10.75590000
S 99.18190000 48.18330000 13.87760000
W 97.68550000 49.14730000 12.27060000
S 100.93600000 51.05300000 10.95730000
S 100.75300000 50.90410000 14.07640000
W 99.27120000 51.88210000 12.46520000
S 102.53200000 53.79590000 11.19710000
S 102.32000000 53.62170000 14.31340000
W 100.85400000 54.61080000 12.69580000
S 104.12300000 56.52650000 11.46810000
S 103.88300000 56.33760000 14.58190000
W 102.43200000 57.33260000 12.95480000
S 105.70600000 59.24140000 11.75720000
S 105.44300000 59.05490000 14.86940000
W 104.00600000 60.04760000 13.22920000
S 107.28000000 61.93830000 12.04280000
S 107.00300000 61.77840000 15.15540000
W 105.57400000 62.75750000 13.49840000
S 108.84300000 64.61810000 12.29610000
S 108.56700000 64.51230000 15.41090000
W 107.14000000 65.46470000 13.73600000
S 110.39400000 67.28540000 12.48620000
S 110.14000000 67.25730000 15.60420000
W 111.82800000 68.17270000 14.17030000
S 75.65170000 1.77150000 12.75580000
S 75.53530000 1.83866000 15.88110000
W 74.03090000 2.70723000 14.22480000
S 77.18540000 4.43079000 12.69960000
S 77.12840000 4.59349000 15.82320000
W 75.59460000 5.41510000 14.17030000
S 78.72000000 7.09735000 12.53890000
S 78.72000000 7.33818000 15.65810000
W 77.15770000 8.12191000 14.01490000
S 80.25960000 9.77746000 12.29610000
S 80.30560000 10.06870000 15.41090000
W 78.72000000 10.82870000 13.78050000
S 81.80790000 12.47600000 12.00350000
S 81.88350000 12.78630000 15.11610000
W 80.28240000 13.53810000 13.49840000
S 83.36710000 15.19440000 11.69540000
S 83.45530000 15.49680000 14.80820000
W 81.84660000 16.25340000 13.20090000
S 84.93680000 17.93000000 11.39900000
S 85.02410000 18.20630000 14.51400000
W 83.41420000 18.97650000 12.91410000
S 86.51480000 20.67840000 11.13200000
S 86.59250000 20.91930000 14.24980000
W 84.98570000 21.70740000 12.65480000
S 88.09920000 23.43560000 10.90330000
S 88.16210000 23.63730000 14.02390000
W 86.56120000 24.44500000 12.43200000
S 89.68840000 26.19870000 10.71720000
S 89.73350000 26.35980000 13.84020000
W 88.14010000 27.18790000 12.25040000
S 91.28120000 28.96570000 10.57590000
S 91.30660000 29.08580000 13.70090000
W 89.72200000 29.93440000 12.11250000
S 92.87690000 31.73520000 10.48100000
S 92.88100000 31.81410000 13.60730000
W 91.30640000 32.68320000 12.01960000
S 94.47500000 34.50580000 10.43320000
S 94.45650000 34.54370000 13.56030000
W 92.89270000 35.43320000 11.97290000
S 96.07450000 37.27640000 10.43320000
S 96.03260000 37.27350000 13.56030000
W 94.48030000 38.18300000 11.97290000
S 97.67500000 40.04570000 10.48100000
S 97.60870000 40.00260000 13.60730000
W 96.06870000 40.93170000 12.01960000
S 99.27560000 42.81240000 10.57590000
S 99.18420000 42.73030000 13.70090000
W 97.65710000 43.67830000 12.11250000
S 100.87500000 45.57530000 10.71720000
S 100.75800000 45.45570000 13.84020000
W 99.24470000 46.42150000 12.25040000
S 102.47400000 48.33310000 10.90330000
S 102.33100000 48.17780000 14.02390000
W 100.83100000 49.16040000 12.43200000
S 104.06900000 51.08380000 11.13200000
S 103.90000000 50.89610000 14.24980000
W 102.41400000 51.89360000 12.65480000
S 105.66100000 53.82460000 11.39900000
S 105.46500000 53.61090000 14.51400000
W 103.99300000 54.62000000 12.91410000
S 107.24500000 56.55180000 11.69540000
S 107.02700000 56.32420000 14.80820000
W 105.56700000 57.33910000 13.20090000
S 108.81900000 59.26130000 12.00350000
S 108.58800000 59.04070000 15.11610000
W 107.13700000 60.05140000 13.49840000
S 110.38200000 61.95150000 12.29610000
S 110.15300000 61.76600000 15.41090000
W 108.70200000 62.75920000 13.78050000
S 111.93400000 64.62480000 12.53890000
S 111.72500000 64.50440000 15.65810000
W 110.26500000 65.46560000 14.01490000
S 113.47600000 67.28720000 12.69960000
S 113.30600000 67.25510000 15.82320000
W 75.59300000 -0.00021979 14.34120000
S 78.72000000 1.77100000 12.81440000
S 78.72000000 1.83955000 15.94190000
W 77.15660000 2.70822000 14.34120000
S 80.25460000 4.43079000 12.69960000
S 80.31160000 4.59349000 15.82320000
W 78.72000000 5.41573000 14.22680000
S 81.79380000 7.10021000 12.48620000
S 81.89680000 7.33472000 15.60420000
W 80.28230000 8.12191000 14.01490000
S 83.34150000 9.78582000 12.20420000
S 83.47360000 10.06100000 15.31800000
W 81.84420000 10.82880000 13.73600000
S 84.90000000 12.49150000 11.88980000
S 85.04340000 12.77600000 15.00230000
W 83.40740000 13.53980000 13.42620000
S 86.46970000 15.21690000 11.57630000
S 86.60970000 15.48610000 14.69000000
W 84.97400000 16.25810000 13.11770000
S 88.04840000 17.95780000 11.28650000
S 88.17590000 18.19730000 14.40270000
W 86.54490000 18.98450000 12.83260000
S 89.63380000 20.70970000 11.03300000
S 89.74380000 20.91270000 14.15220000
W 88.12010000 21.71850000 12.58320000
S 91.22400000 23.46900000 10.82180000
S 91.31400000 23.63280000 13.94370000
W 89.69900000 24.45840000 12.37530000
S 92.81770000 26.23340000 10.65550000
S 92.88630000 26.35690000 13.77970000
W 91.28090000 27.20290000 12.21140000
S 94.41390000 29.00120000 10.53550000
S 94.46030000 29.08380000 13.66140000
W 92.86530000 29.95050000 12.09320000
S 96.01210000 31.77110000 10.46310000
S 96.03540000 31.81260000 13.59000000
W 94.45140000 32.69990000 12.02190000
S 97.61150000 34.54200000 10.43890000
S 97.61120000 34.54220000 13.56620000
W 96.03880000 35.45000000 11.99800000
S 99.21150000 37.31250000 10.46310000
S 99.18720000 37.27160000 13.59000000
W 97.62680000 38.19980000 12.02190000
S 100.81100000 40.08160000 10.53550000
S 100.76300000 40.00010000 13.66140000
W 99.21480000 40.94810000 12.09320000
S 102.41000000 42.84790000 10.65550000
S 102.33700000 42.72670000 13.77970000
W 100.80200000 43.69400000 12.21140000
S 104.00700000 45.61020000 10.82180000
S 103.91000000 45.45050000 13.94370000
W 102.38800000 46.43620000 12.37530000
S 105.60200000 48.36700000 11.03300000
S 105.48100000 48.17030000 14.15220000
W 103.97100000 49.17360000 12.58320000
S 107.19200000 51.11600000 11.28650000
S 107.04900000 50.88590000 14.40270000
W 105.55100000 51.90470000 12.83260000
S 108.77700000 53.85370000 11.57630000
S 108.61400000 53.59780000 14.69000000
W 107.12700000 54.62830000 13.11770000
S 110.35200000 56.57570000 11.88980000
S 110.17700000 56.30930000 15.00230000
W 108.69800000 57.34420000 13.42620000
S 111.91600000 59.27830000 12.20420000
S 111.74400000 59.02620000 15.31800000
W 110.26400000 60.05350000 13.73600000
S 113.46800000 61.96140000 12.48620000
S 113.31600000 61.75500000 15.60420000
W 111.82700000 62.75960000 14.01490000
S 115.01000000 64.62910000 12.69960000
S 114.89800000 64.49840000 15.82320000
W 113.39000000 65.46570000 14.22680000
S 116.54600000 67.28800000 12.81440000
S 116.48700000 67.25370000 15.94190000
