W 16.15370000 1.03381000 17.96530000
Se 25.61290000 0.88147400 16.36010000
W 24.71950000 2.54188000 18.02610000
W 27.50170000 0.87556900 18.03270000
Se 25.60480000 0.87992200 19.69730000
W 38.85520000 0.80974700 18.03720000
Se 48.31030000 0.72047500 16.35020000
W 47.42840000 2.38241000 18.02320000
W 50.21230000 0.70599800 18.00830000
Se 48.32710000 0.72666800 19.68730000
W 61.56940000 0.40993900 17.87010000
W 70.16160000 1.68248000 17.79140000
Se 8.61068232 1.27218000 16.19040000
W 7.71578232 2.94690000 17.85230000
W 10.48088232 1.19881000 17.88610000
Se 8.56748232 1.25958000 19.52680000
Se 77.23557768 12.91300000 16.27390000
W 76.23860768 11.27840000 17.91510000
Se 77.22552768 12.86810000 19.61060000
Se 80.17342768 17.75620000 16.33470000
W 79.20184768 16.11720000 17.98700000
Se 80.17053768 17.72880000 19.67170000
Se 83.06771768 22.62760000 16.36200000
W 82.11371768 20.98740000 18.02460000
Se 83.07031768 22.61590000 19.69900000
Se 85.93971768 27.51900000 16.36970000
W 84.99411768 25.87780000 18.03700000
Se 85.94421768 27.51440000 19.70680000
Se 88.80421768 32.41900000 16.37070000
W 87.86071768 30.77780000 18.03940000
Se 88.80881768 32.41720000 19.70790000
Se 91.67231768 37.31720000 16.36740000
W 90.72661768 35.67940000 18.03790000
Se 91.67731768 37.31980000 19.70450000
Se 94.55631768 42.20300000 16.35160000
W 93.60431768 40.57520000 18.02780000
Se 94.56411768 42.21690000 19.68880000
Se 97.47411768 47.06510000 16.30760000
W 96.51001768 45.45540000 17.99490000
Se 97.48831768 47.09730000 19.64470000
Se 97.56381768 50.36240000 16.27490000
Se 100.44701768 51.89860000 16.23080000
W 99.57851768 53.60140000 17.88710000
W 99.46341768 50.30800000 17.92720000
Se 97.58701768 50.40040000 19.61170000
Se 100.46671768 51.94230000 19.56730000
Se 100.57011768 55.18990000 16.19110000
Se 103.48081768 56.71140000 16.15230000
W 102.61621768 58.40890000 17.81330000
W 102.47501768 55.12630000 17.84340000
Se 100.59721768 55.22670000 19.52740000
Se 103.49621768 56.74230000 19.48860000
Se 103.62631768 60.00090000 16.13090000
Se -0.00000884 0.00000219 16.11970000
W 105.52821768 59.92050000 17.79140000
Se 103.64441768 60.01250000 19.46730000
Se -0.00000884 0.00000219 19.45620000
Se 71.18210884 3.28930219 16.13090000
Se 3.06799116 4.80550219 16.15230000
W 73.21800884 6.47190219 17.83380000
W 2.04189116 3.19230219 17.80250000
Se 71.18320884 3.26780219 19.46730000
Se 3.05289116 4.77410219 19.48850000
Se 74.23550884 8.09500219 16.19090000
Se 6.09959116 9.62000219 16.23040000
W 5.08679116 7.99070219 17.87010000
Se 74.22500884 8.04990219 19.52720000
Se 6.08119116 9.57430219 19.56690000
Se 2.92289000 1.51537000 16.13090000
W 4.80622000 1.42576000 17.81320000
Se 2.90498000 1.50375000 19.46730000
Se 5.97734000 6.32712000 16.19030000
Se 5.84047000 3.03500000 16.16220000
Se 8.74772000 4.56413000 16.20710000
W 4.95148000 4.70670000 17.83350000
W 7.85348000 6.23197000 17.87790000
Se 5.95130000 6.28947000 19.52660000
Se 5.80891000 3.01313000 19.49850000
Se 8.70978000 4.53567000 19.54350000
Se 8.98098000 11.15630000 16.27250000
Se 8.87291000 7.85914000 16.23680000
Se 11.75350000 9.40573000 16.28250000
W 7.97756000 9.52214000 17.91410000
W 8.08315000 12.81750000 17.95270000
W 10.85570000 11.06980000 17.95690000
W 10.74500000 7.77337000 17.92640000
Se 8.96026000 11.11580000 19.60930000
Se 8.84281000 7.82074000 19.57340000
Se 11.72560000 9.37186000 19.61950000
Se 9.06976000 14.45520000 16.30670000
Se 11.92420000 16.01110000 16.33320000
Se 11.84780000 12.70690000 16.31000000
Se 14.70330000 14.27270000 16.33890000
W 10.94770000 14.37190000 17.98560000
W 11.02170000 17.67820000 18.00830000
W 13.80150000 15.94060000 18.01060000
W 13.72200000 12.63420000 17.99240000
Se 9.05852000 14.41960000 19.64370000
Se 11.91390000 15.98620000 19.67030000
Se 11.82890000 12.67550000 19.64700000
Se 14.68830000 14.25090000 19.67620000
Se 11.98530000 19.31820000 16.35020000
Se 14.82350000 20.89110000 16.36060000
Se 14.76970000 17.58030000 16.35220000
Se 17.61000000 19.16070000 16.36500000
W 13.86550000 19.25100000 18.02320000
W 13.91750000 22.56380000 18.03130000
W 16.70330000 20.83290000 18.03310000
W 16.64750000 17.52130000 18.02800000
Se 11.98230000 19.30050000 19.68730000
Se 14.82000000 20.88120000 19.69770000
Se 14.76100000 17.56480000 19.68940000
Se 17.60250000 19.15240000 19.70220000
Se 14.86800000 24.20440000 16.36570000
Se 17.69880000 25.78710000 16.36810000
Se 17.65790000 22.47270000 16.36730000
Se 20.49090000 24.06020000 16.37210000
W 16.74970000 24.14670000 18.03550000
W 16.79020000 27.46190000 18.03720000
W 19.57970000 25.73400000 18.03860000
W 19.53770000 22.42130000 18.03980000
Se 14.86890000 24.19800000 19.70280000
Se 17.69760000 25.78450000 19.70520000
Se 17.65370000 22.46810000 19.70450000
Se 20.48560000 24.05910000 19.70930000
Se 17.73560000 29.10290000 16.36890000
Se 20.56450000 30.68790000 16.36850000
Se 20.52890000 27.37340000 16.37000000
Se 23.36010000 28.96090000 16.37210000
W 19.61790000 29.04830000 18.03740000
W 19.65490000 32.36360000 18.03730000
W 22.44600000 30.63500000 18.03810000
W 22.40960000 27.32350000 18.04120000
Se 17.73740000 29.10090000 19.70610000
Se 20.56340000 30.68810000 19.70570000
Se 20.52550000 27.37330000 19.70720000
Se 23.35460000 28.96280000 19.70930000
Se 20.60030000 34.00290000 16.36780000
Se 23.43180000 35.58350000 16.36500000
Se 23.39500000 32.27200000 16.36850000
Se 26.22900000 33.85310000 16.36870000
W 22.48320000 33.94780000 18.03550000
W 22.52390000 37.26140000 18.03270000
W 25.31450000 35.52840000 18.03370000
W 25.27650000 32.22000000 18.03910000
Se 20.60210000 34.00370000 19.70500000
Se 23.43070000 35.58770000 19.70220000
Se 23.39120000 32.27460000 19.70580000
Se 26.22300000 33.85850000 19.70590000
Se 23.47340000 38.89430000 16.36010000
Se 26.31320000 40.46300000 16.35040000
Se 26.26760000 37.15860000 16.36140000
Se 29.11010000 38.72580000 16.35570000
W 25.35810000 38.83770000 18.02610000
W 25.41100000 42.14720000 18.01400000
W 28.19880000 40.40620000 18.01690000
W 28.15100000 37.10350000 18.03070000
Se 23.47610000 38.90200000 19.69730000
Se 26.31380000 40.47790000 19.68770000
Se 26.26410000 37.16750000 19.69870000
Se 29.10490000 38.74100000 19.69310000
Se 26.36970000 43.76540000 16.33310000
Se 29.22690000 45.31530000 16.30940000
Se 29.16150000 42.02150000 16.33710000
Se 32.02160000 43.56880000 16.31970000
W 28.25880000 43.70880000 17.99560000
W 28.33490000 47.00990000 17.96530000
W 31.11770000 45.25860000 17.97270000
W 31.04890000 41.96490000 18.00380000
Se 26.37620000 43.78870000 19.67030000
Se 29.23120000 45.34880000 19.64660000
Se 29.16020000 42.04520000 19.67430000
Se 32.01770000 43.60130000 19.65690000
Se 29.31030000 48.60740000 16.27280000
Se 32.19520000 50.13720000 16.23690000
Se 32.09820000 46.85290000 16.28230000
Se 34.98500000 48.38070000 16.25600000
W 31.20550000 48.55080000 17.93200000
W 31.31420000 51.84030000 17.88610000
W 34.08980000 50.07920000 17.90050000
W 33.98990000 46.79640000 17.94790000
Se 29.32190000 48.64900000 19.60970000
Se 32.20030000 50.18450000 19.57350000
Se 32.09820000 46.89510000 19.61930000
Se 34.97750000 48.42720000 19.59270000
Se 32.31290000 53.42320000 16.19040000
Se 35.22470000 54.94090000 16.16220000
Se 35.09530000 51.65860000 16.20710000
Se 38.00730000 53.17630000 16.19030000
W 34.21070000 53.36090000 17.85230000
W 34.34810000 56.64120000 17.81320000
W 37.11690000 54.87490000 17.83350000
W 36.98680000 51.59910000 17.87790000
Se 32.32360000 53.46690000 19.52680000
Se 35.22150000 54.97920000 19.49850000
Se 35.08960000 51.70570000 19.54350000
Se 37.98770000 53.21770000 19.52660000
Se 35.36740000 58.22740000 16.13090000
Se 38.29050000 59.74260000 16.13090000
Se 38.14420000 56.45670000 16.15230000
Se 41.06610000 57.97520000 16.16270000
W 37.26010000 58.15190000 17.80250000
W 37.40930000 61.42990000 17.79140000
W 40.17430000 59.66380000 17.81330000
W 40.02890000 56.38820000 17.83380000
Se 35.36630000 58.24870000 19.46730000
Se 38.27140000 59.75250000 19.46730000
Se 38.12460000 56.48550000 19.48850000
Se 41.03100000 57.99220000 19.49890000
Se 41.21210000 61.26130000 16.15230000
W 43.08770000 61.18280000 17.84340000
Se 41.17770000 61.25920000 19.48860000
Se 11.64159116 6.10760219 16.25600000
W 10.61819116 4.48300219 17.90050000
Se 11.60499116 6.07780219 19.59270000
W 13.62499116 9.33300219 17.97010000
Se 11.51530000 2.81322000 16.23690000
Se 14.28260000 1.07982000 16.27280000
W 13.38410000 2.74937000 17.93200000
Se 11.47190000 2.79402000 19.57350000
Se 14.24080000 1.06902000 19.60970000
Se 14.52240000 7.66802000 16.30010000
Se 14.40810000 4.37140000 16.28230000
Se 17.29050000 5.94713000 16.31970000
W 13.51120000 6.03791000 17.94790000
W 16.39430000 7.61139000 17.98730000
W 16.27910000 4.31937000 17.97270000
Se 14.49280000 7.64132000 19.63720000
Se 14.37160000 4.35026000 19.61930000
Se 17.26440000 5.92748000 19.65690000
Se 14.62130000 10.96860000 16.32070000
Se 17.48010000 12.54660000 16.34860000
Se 17.39300000 9.24502000 16.33430000
Se 20.25680000 10.83600000 16.35800000
W 16.49490000 10.90950000 18.00410000
W 16.57890000 14.21320000 18.01840000
W 19.35680000 12.49960000 18.02760000
W 19.26890000 9.20055000 18.01600000
Se 14.59920000 10.94210000 19.65790000
Se 17.46440000 12.52790000 19.68590000
Se 17.37230000 9.22360000 19.67160000
Se 20.24400000 10.82000000 19.69540000
Se 17.55170000 15.85190000 16.35910000
Se 20.39620000 17.44160000 16.37230000
Se 20.33340000 14.13710000 16.36720000
Se 23.18390000 15.73650000 16.37900000
W 19.42940000 15.80330000 18.03570000
W 19.48870000 19.11080000 18.03940000
W 22.27610000 17.40120000 18.04670000
W 22.21330000 14.09940000 18.04280000
Se 17.54050000 15.83830000 19.69640000
Se 20.38770000 17.43400000 19.70960000
Se 20.32310000 14.12480000 19.70450000
Se 23.17720000 15.72870000 19.71630000
Se 20.44770000 20.74940000 16.37340000
Se 23.28500000 22.34350000 16.37920000
Se 23.23920000 19.03850000 16.38070000
Se 26.08240000 20.63950000 16.38630000
W 22.32760000 20.70620000 18.04690000
W 22.37110000 24.01370000 18.04450000
W 25.16630000 22.30460000 18.05210000
W 25.12110000 19.00370000 18.05380000
Se 20.44080000 20.74580000 19.71070000
Se 23.27820000 22.34290000 19.71650000
Se 23.23240000 19.03480000 19.71800000
Se 26.07660000 20.63820000 19.72350000
Se 23.32430000 25.65120000 16.37590000
Se 26.15970000 27.24300000 16.37930000
Se 26.12340000 23.94020000 16.38360000
Se 28.96440000 25.53680000 16.38690000
W 25.20530000 25.60790000 18.04840000
W 25.24110000 28.91310000 18.04390000
W 28.04200000 27.20140000 18.05170000
W 28.00640000 23.90380000 18.05590000
Se 23.31790000 25.65230000 19.71310000
Se 26.15230000 27.24560000 19.71650000
Se 26.11660000 23.94130000 19.72080000
Se 28.95780000 25.53900000 19.72410000
Se 26.19400000 30.54760000 16.37430000
Se 29.03210000 32.13090000 16.37600000
Se 28.99850000 28.83330000 16.38210000
Se 31.84230000 30.41950000 16.38370000
W 28.07590000 30.50070000 18.04640000
W 28.11120000 33.80140000 18.03980000
W 30.91610000 32.08410000 18.04780000
W 30.88280000 28.79210000 18.05410000
Se 26.18680000 30.55120000 19.71150000
Se 29.02420000 32.13670000 19.71330000
Se 28.99080000 28.83720000 19.71930000
Se 31.83530000 30.42500000 19.72090000
Se 29.06820000 35.42870000 16.36780000
Se 31.91520000 36.99670000 16.36460000
Se 31.87650000 33.70850000 16.37610000
Se 34.72940000 35.27810000 16.37330000
W 30.95240000 35.37700000 18.03880000
W 30.99530000 38.67080000 18.02510000
W 33.80230000 36.94480000 18.03490000
W 33.76350000 33.66100000 18.04690000
Se 29.06100000 35.43790000 19.70510000
Se 31.90760000 37.01070000 19.70200000
Se 31.86880000 33.71710000 19.71340000
Se 34.72280000 35.29010000 19.71070000
Se 31.96210000 40.28360000 16.34670000
Se 34.82640000 41.83110000 16.33430000
Se 34.77240000 38.55550000 16.35800000
Se 37.64220000 40.10490000 16.34860000
W 33.85000000 40.22880000 18.01600000
W 33.91100000 43.51280000 17.98730000
W 36.71700000 41.77660000 18.00410000
W 36.66310000 38.50310000 18.02760000
Se 31.95570000 40.30580000 19.68410000
Se 34.81820000 41.85980000 19.67160000
Se 34.76490000 38.57460000 19.69540000
Se 37.63380000 40.12780000 19.68590000
Se 34.89600000 45.10560000 16.30010000
Se 37.78540000 46.63470000 16.28250000
Se 37.70490000 43.36970000 16.32070000
Se 40.59720000 44.90250000 16.31000000
W 36.78660000 45.05030000 17.97010000
W 36.87600000 48.32430000 17.92640000
W 39.67540000 46.58020000 17.95690000
W 39.59710000 43.31570000 17.99240000
Se 34.88770000 45.14460000 19.63720000
Se 37.77000000 46.67580000 19.61950000
Se 37.69310000 43.40210000 19.65790000
Se 40.57930000 44.93450000 19.64700000
Se 37.88630000 49.90270000 16.23680000
Se 40.79790000 51.42400000 16.23040000
Se 40.68760000 48.16050000 16.27250000
Se 43.59820000 49.68830000 16.27390000
W 39.77410000 49.84660000 17.91410000
W 39.89330000 53.11570000 17.87010000
W 42.68110000 51.36900000 17.91510000
W 42.57520000 48.10750000 17.95270000
Se 37.86810000 49.94790000 19.57340000
Se 40.76750000 51.46280000 19.56690000
Se 40.66300000 48.19870000 19.60930000
Se 43.56440000 49.71950000 19.61060000
Se 40.92580000 54.69550000 16.19090000
Se 43.84520000 56.22110000 16.20880000
Se 43.71430000 52.95000000 16.23890000
Se 46.63020000 54.48580000 16.26000000
W 42.80530000 54.63540000 17.87920000
W 42.94310000 57.90670000 17.85320000
W 45.71940000 56.16450000 17.90310000
W 45.59280000 52.89830000 17.92960000
Se 40.89190000 54.72710000 19.52720000
Se 43.80050000 56.24120000 19.54520000
Se 43.67360000 52.97920000 19.57540000
Se 46.58430000 54.50480000 19.59660000
Se 43.98510000 59.50130000 16.19110000
Se 46.89700000 61.04040000 16.23080000
Se 46.76070000 57.75840000 16.23940000
Se 49.66900000 59.31160000 16.27490000
W 45.85650000 59.43680000 17.88710000
W 48.76630000 60.98390000 17.92720000
W 48.63230000 57.70870000 17.93530000
Se 43.93970000 59.50640000 19.52740000
Se 46.84940000 61.03560000 19.56730000
Se 46.71220000 57.76770000 19.57590000
Se 49.62450000 59.31260000 19.61170000
Se 17.17539116 2.65360219 16.30940000
Se 17.14419116 2.64050219 19.64660000
Se 20.16539116 7.53820219 16.34670000
W 19.16589116 5.90670219 18.00380000
Se 20.14939116 7.52150219 19.68410000
Se 20.06050000 4.24388000 16.33710000
Se 19.94620000 0.95416500 16.33310000
Se 22.83440000 2.55641000 16.35040000
W 19.05070000 2.61838000 17.99560000
W 21.94080000 4.21776000 18.01690000
W 21.82700000 0.93297000 18.01400000
Se 20.04070000 4.23085000 19.67430000
Se 19.92280000 0.94811600 19.67030000
Se 22.82120000 2.54945000 19.68770000
Se 23.03540000 9.14101000 16.36460000
Se 22.94040000 5.84714000 16.35570000
Se 25.81680000 7.45949000 16.36780000
W 22.04540000 7.50730000 18.02510000
W 22.13680000 10.80130000 18.03490000
W 24.91940000 9.11704000 18.03880000
W 24.82500000 5.82773000 18.03070000
Se 23.02700000 9.12743000 19.70200000
Se 22.92990000 5.83510000 19.69310000
Se 25.81240000 7.44856000 19.70510000
Se 23.11660000 12.43740000 16.37330000
Se 25.97440000 14.04550000 16.38290000
Se 25.90240000 10.75170000 16.37610000
Se 28.76770000 12.36650000 16.38370000
W 25.00000000 12.40960000 18.04690000
W 25.06660000 15.70520000 18.05220000
W 27.86050000 14.02200000 18.05460000
W 27.78940000 10.73210000 18.04780000
Se 23.10940000 12.42580000 19.71070000
Se 25.97060000 14.03710000 19.72020000
Se 25.89870000 10.74070000 19.71340000
Se 28.76650000 12.35770000 19.72090000
Se 26.03360000 17.34130000 16.38640000
Se 28.88380000 18.94840000 16.39120000
Se 28.83160000 15.65670000 16.38910000
Se 31.68920000 17.26830000 16.39320000
W 27.91870000 17.31400000 18.05820000
W 27.96630000 20.60800000 18.05840000
W 30.77100000 18.92290000 18.06210000
W 30.71980000 15.63550000 18.05960000
Se 26.02900000 17.33660000 19.72360000
Se 28.88030000 18.94580000 19.72840000
Se 28.82940000 15.65090000 19.72630000
Se 31.68810000 17.26460000 19.73030000
Se 28.92720000 22.24170000 16.39020000
Se 31.77480000 23.84230000 16.39260000
Se 31.73570000 20.55480000 16.39420000
Se 34.59050000 22.15790000 16.39530000
W 30.81330000 22.21150000 18.06150000
W 30.84960000 25.50120000 18.05860000
W 33.66360000 23.81180000 18.06290000
W 33.62530000 20.52950000 18.06410000
Se 28.92200000 22.24200000 19.72730000
Se 31.77060000 23.84380000 19.72970000
Se 31.73310000 20.55400000 19.73130000
Se 34.58920000 22.15880000 19.73240000
Se 31.80940000 27.13060000 16.38900000
Se 34.65990000 28.71920000 16.38910000
Se 34.62670000 25.43860000 16.39320000
Se 37.48440000 27.02810000 16.39120000
W 33.69740000 27.09450000 18.05960000
W 33.72970000 30.37750000 18.05460000
W 36.55150000 28.68110000 18.05820000
W 36.51870000 25.40640000 18.06210000
Se 31.80360000 27.13400000 19.72620000
Se 34.65580000 28.72390000 19.72630000
Se 34.62400000 25.44150000 19.73030000
Se 37.48390000 27.03240000 19.72840000
Se 34.69310000 31.99920000 16.38290000
Se 37.55280000 33.57030000 16.37900000
Se 37.51770000 30.29990000 16.38640000
Se 40.38480000 31.87140000 16.38070000
W 36.58430000 31.95540000 18.05220000
W 36.62030000 35.22940000 18.04280000
W 39.44840000 33.52420000 18.04670000
W 39.41360000 30.25910000 18.05380000
Se 34.68770000 32.00670000 19.72020000
Se 37.54940000 33.58000000 19.71630000
Se 37.51600000 30.30630000 19.72360000
Se 40.38490000 31.87910000 19.71800000
Se 37.59290000 36.83860000 16.36720000
Se 40.46880000 38.39020000 16.35910000
Se 40.42330000 35.13200000 16.37230000
Se 43.30520000 36.68540000 16.36500000
W 39.48790000 36.78840000 18.03570000
W 39.53600000 40.05200000 18.01840000
W 42.36670000 38.33860000 18.02800000
W 42.32260000 35.08330000 18.03940000
Se 37.58740000 36.85370000 19.70450000
Se 40.46270000 38.40670000 19.69640000
Se 40.42090000 35.14310000 19.70960000
Se 43.30170000 36.69600000 19.70220000
Se 40.52530000 41.64660000 16.33890000
Se 43.42040000 43.18420000 16.33320000
Se 43.35660000 39.93530000 16.35220000
Se 46.25390000 41.47770000 16.35020000
W 42.42080000 41.59360000 18.01060000
W 42.48900000 44.84950000 17.98560000
W 45.31540000 43.13220000 18.00830000
W 45.25560000 39.88300000 18.02320000
Se 40.51400000 41.67050000 19.67620000
Se 43.40400000 43.20550000 19.67030000
Se 43.34760000 39.95050000 19.68940000
Se 46.24010000 41.48920000 19.68730000
Se 43.50020000 46.43410000 16.30670000
Se 46.40910000 47.97000000 16.31310000
Se 46.32360000 44.72250000 16.33470000
Se 49.22970000 46.26660000 16.34400000
W 45.39000000 46.38340000 17.98700000
W 45.48220000 49.63830000 17.95970000
W 48.29620000 47.92360000 17.99720000
W 48.21660000 44.67330000 18.01360000
Se 43.47500000 46.46170000 19.64370000
Se 46.37760000 47.99070000 19.65000000
Se 46.30130000 44.73870000 19.67170000
Se 49.20340000 46.27710000 19.68100000
Se 46.51170000 51.22350000 16.28680000
Se 49.42310000 52.77070000 16.30730000
Se 49.31850000 49.51500000 16.32750000
Se 52.22480000 51.07320000 16.34510000
W 48.39260000 51.17890000 17.97590000
W 48.50580000 54.44040000 17.95340000
W 51.30290000 52.73420000 17.99640000
W 51.20370000 49.47570000 18.01290000
Se 46.47170000 51.24600000 19.62350000
Se 49.38260000 52.78550000 19.64410000
Se 49.28440000 49.52910000 19.66440000
Se 52.19280000 51.08270000 19.68210000
Se 49.54150000 56.03600000 16.28780000
Se 52.44630000 57.60310000 16.31520000
Se 52.32970000 54.33330000 16.32930000
Se 55.23090000 55.91240000 16.34760000
W 51.41690000 55.99930000 17.97960000
W 51.54160000 59.27130000 17.96790000
W 54.32430000 57.57620000 18.00240000
W 54.21070000 54.30650000 18.01530000
Se 49.49730000 56.04640000 19.62460000
Se 52.40990000 57.60780000 19.65220000
Se 52.29430000 54.34270000 19.66630000
Se 55.20400000 55.91900000 19.68470000
Se 52.56940000 60.88250000 16.30760000
Se 55.34510000 59.18730000 16.33700000
Se 58.23900000 60.78670000 16.35160000
W 54.44550000 60.85240000 17.99490000
W 57.22690000 59.16960000 18.01840000
Se 52.53440000 60.87870000 19.64470000
Se 55.31910000 59.18890000 19.67420000
Se 58.22310000 60.78650000 19.68880000
Se 25.71899116 4.16910219 16.36140000
Se 25.71299116 4.16160219 19.69870000
Se 28.69079116 9.07710219 16.37600000
W 27.70449116 7.44430219 18.03980000
Se 28.68969116 9.06730219 19.71330000
Se 28.60090000 5.78841000 16.36870000
Se 28.50090000 2.50077000 16.36500000
Se 31.38710000 4.12466000 16.36850000
W 27.60730000 4.15876000 18.03370000
W 30.49140000 5.78008000 18.03910000
W 30.39180000 2.49714000 18.03550000
Se 28.59920000 5.78052000 19.70590000
Se 28.49780000 2.49774000 19.70220000
Se 31.38680000 4.12011000 19.70580000
Se 31.56340000 10.69680000 16.38210000
Se 31.48110000 7.41087000 16.37430000
Se 34.36000000 9.03346000 16.37930000
W 30.58070000 9.06414000 18.04640000
W 30.65690000 12.34930000 18.05410000
W 33.45490000 10.68440000 18.05170000
W 33.37300000 7.40287000 18.04390000
Se 31.56390000 10.68820000 19.71930000
Se 31.48150000 7.40281000 19.71150000
Se 34.36150000 9.02580000 19.71650000
Se 31.63250000 13.98240000 16.38900000
Se 34.49760000 15.59660000 16.39260000
Se 34.43530000 12.31550000 16.38690000
Se 37.30760000 13.93080000 16.39020000
W 33.52350000 13.96590000 18.05860000
W 33.57960000 17.24760000 18.06290000
W 36.39060000 15.57930000 18.06150000
W 36.32850000 12.30240000 18.05590000
Se 31.63240000 13.97570000 19.72620000
Se 34.49840000 15.59220000 19.72970000
Se 34.43670000 12.30870000 19.72410000
Se 37.30990000 13.92620000 19.72730000
Se 34.54850000 18.87730000 16.39530000
Se 37.41060000 20.48120000 16.39530000
Se 37.36420000 17.20650000 16.39420000
Se 40.23370000 18.80950000 16.39320000
W 36.44130000 18.85560000 18.06410000
W 36.48300000 22.13130000 18.06410000
W 39.30640000 20.45700000 18.06290000
W 39.25970000 17.18700000 18.06210000
Se 34.54830000 18.87570000 19.73240000
Se 37.41200000 20.48190000 19.73240000
Se 37.36620000 17.20470000 19.73130000
Se 40.23740000 18.81040000 19.73030000
Se 37.44960000 23.75510000 16.39420000
Se 40.31480000 25.34390000 16.39020000
Se 40.27710000 22.07750000 16.39260000
Se 43.14980000 23.66410000 16.38690000
W 39.34560000 23.72560000 18.06150000
W 39.38040000 26.99290000 18.05840000
W 42.21460000 25.31020000 18.05590000
W 42.17640000 22.04930000 18.05860000
Se 37.45030000 23.75770000 19.73130000
Se 40.31760000 25.34820000 19.72730000
Se 40.28060000 22.08040000 19.72970000
Se 43.15510000 23.66870000 19.72410000
Se 40.34970000 28.60860000 16.38630000
Se 43.22410000 30.17930000 16.37920000
Se 43.18760000 26.92270000 16.38360000
Se 46.06890000 28.49130000 16.37590000
W 42.24980000 28.56940000 18.05210000
W 42.28480000 31.82700000 18.04690000
W 45.12750000 30.13560000 18.04450000
W 45.09090000 26.88410000 18.04840000
Se 40.35150000 28.61430000 19.72350000
Se 43.22690000 30.18550000 19.71650000
Se 43.19200000 26.92810000 19.72080000
Se 46.07310000 28.49640000 19.71310000
Se 43.26220000 33.43350000 16.37340000
Se 46.14950000 34.98790000 16.36730000
Se 46.10780000 31.74060000 16.37210000
Se 48.99940000 33.29530000 16.36810000
W 45.16510000 33.38560000 18.03980000
W 45.20670000 36.63450000 18.03310000
W 48.05330000 34.93740000 18.03550000
W 48.01290000 31.69280000 18.03860000
Se 43.26250000 33.44120000 19.71070000
Se 46.14760000 34.99380000 19.70450000
Se 46.10950000 31.74580000 19.70930000
Se 48.99770000 33.29760000 19.70520000
Se 46.19700000 38.23330000 16.36060000
Se 49.09530000 39.78030000 16.36200000
Se 49.04410000 36.53810000 16.36570000
Se 51.94190000 38.08900000 16.37040000
W 48.09860000 38.18160000 18.03130000
W 48.15180000 41.42650000 18.02460000
W 50.99500000 39.72990000 18.03590000
W 50.94690000 36.48680000 18.03700000
Se 46.19010000 38.24130000 19.69770000
Se 49.08380000 39.78390000 19.69900000
Se 49.03820000 36.54050000 19.70280000
Se 51.93150000 38.08720000 19.70740000
Se 49.15610000 43.02260000 16.35530000
Se 52.05840000 44.57450000 16.36630000
Se 51.99530000 41.33100000 16.36980000
Se 54.89270000 42.89010000 16.38190000
W 51.05180000 42.97480000 18.03260000
W 51.12040000 46.22300000 18.02530000
W 53.95190000 44.53310000 18.04500000
W 53.89240000 41.28480000 18.04620000
Se 49.13770000 43.02900000 19.69230000
Se 52.03750000 44.57680000 19.70320000
Se 51.98000000 41.33050000 19.70680000
Se 54.87600000 42.88710000 19.71880000
Se 52.13430000 47.82110000 16.35820000
Se 55.03470000 49.38890000 16.37260000
Se 54.95730000 46.13750000 16.37970000
Se 57.85120000 47.71340000 16.39130000
W 54.02350000 47.78550000 18.03950000
W 54.10970000 51.04300000 18.02900000
W 56.92380000 49.36300000 18.05180000
W 56.84940000 46.10460000 18.05780000
Se 52.10760000 47.82740000 19.69510000
Se 55.01120000 49.39370000 19.70950000
Se 54.93710000 46.13800000 19.71660000
Se 57.83440000 47.71500000 19.72810000
Se 55.12630000 52.64660000 16.36100000
Se 58.02320000 54.23520000 16.37150000
Se 57.93040000 50.97110000 16.38320000
Se 60.82220000 52.56710000 16.38820000
W 57.01240000 52.62640000 18.04130000
W 57.11460000 55.89520000 18.02880000
W 59.91140000 54.22430000 18.04770000
W 59.82030000 50.95500000 18.05920000
Se 55.10030000 52.65410000 19.69790000
Se 58.00470000 54.24260000 19.70850000
Se 57.91240000 50.97670000 19.72010000
Se 60.81000000 52.57470000 19.72510000
Se 58.12760000 57.50710000 16.35950000
Se 61.02100000 59.11470000 16.36540000
Se 60.91680000 55.83750000 16.37600000
Se 63.80820000 57.45070000 16.37590000
W 60.01440000 57.49800000 18.03590000
W 60.12470000 60.77610000 18.02780000
W 62.91040000 59.11140000 18.03820000
W 62.80700000 55.83390000 18.04880000
Se 58.10980000 57.51240000 19.69660000
Se 61.01090000 59.11910000 19.70250000
Se 60.90530000 55.84540000 19.71300000
Se 63.80200000 57.45860000 19.71290000
Se 63.91220000 60.73190000 16.36740000
Se 31.28549116 0.83900219 16.36780000
W 65.80350000 60.73190000 18.03790000
Se 63.90750000 60.73500000 19.70450000
Se 31.28399116 0.84010219 19.70500000
Se 34.27209116 5.75000219 16.37210000
W 33.27929116 4.12140219 18.03810000
Se 34.27319116 5.74430219 19.70930000
W 36.25329116 9.02450219 18.04840000
Se 34.17430000 2.46539000 16.36850000
Se 36.96140000 0.80802800 16.36890000
W 33.17790000 0.83987000 18.03730000
W 36.06750000 2.46543000 18.03740000
Se 34.17460000 2.46436000 19.70570000
Se 36.96220000 0.81058800 19.70610000
Se 37.15630000 7.37388000 16.37590000
Se 37.06250000 4.09187000 16.37000000
Se 39.95080000 5.71554000 16.37210000
W 36.16540000 5.74553000 18.04120000
W 39.05100000 7.36705000 18.04450000
W 38.95680000 4.08954000 18.03860000
Se 37.15860000 7.36775000 19.71310000
Se 37.06430000 4.08895000 19.70720000
Se 39.95440000 5.71148000 19.70930000
Se 37.23850000 10.65350000 16.38360000
Se 40.11750000 12.26820000 16.38630000
Se 40.04050000 8.99362000 16.37920000
Se 42.92560000 10.60640000 16.38070000
W 39.13350000 10.64230000 18.05210000
W 39.20280000 13.91560000 18.05840000
W 42.01480000 12.25370000 18.05380000
W 41.93720000 8.98319000 18.04690000
Se 37.24100000 10.64700000 19.72080000
Se 40.12150000 12.26380000 19.72350000
Se 40.04440000 8.98808000 19.71650000
Se 42.93220000 10.60250000 19.71800000
Se 40.18130000 15.53990000 16.39120000
Se 43.05810000 17.14050000 16.38910000
Se 42.99820000 13.87510000 16.38640000
Se 45.88210000 15.47170000 16.38290000
W 42.07930000 15.52130000 18.05820000
W 42.13230000 18.78640000 18.05960000
W 44.95940000 17.11690000 18.05460000
W 44.89860000 13.85570000 18.05220000
Se 40.18530000 15.53810000 19.72840000
Se 43.06420000 17.14160000 19.72630000
Se 43.00460000 13.87340000 19.72360000
Se 45.89130000 15.47260000 19.72020000
Se 43.10760000 20.40330000 16.38900000
Se 45.98770000 21.98630000 16.38210000
Se 45.93940000 18.73040000 16.38370000
Se 48.82660000 20.30840000 16.37600000
W 45.00980000 20.37500000 18.05410000
W 45.05260000 23.63060000 18.05170000
W 47.89290000 21.95160000 18.04640000
W 47.84410000 18.70020000 18.04780000
Se 43.11350000 20.40660000 19.72620000
Se 45.99480000 21.99100000 19.71930000
Se 45.94770000 18.73370000 19.72090000
Se 48.83560000 20.31240000 19.71330000
Se 46.02980000 25.23990000 16.37930000
Se 48.91740000 26.80550000 16.37210000
Se 48.87450000 23.55800000 16.37430000
Se 51.76740000 25.11970000 16.36850000
W 47.93540000 25.20040000 18.04390000
W 47.97450000 28.44740000 18.04120000
W 50.82410000 26.76010000 18.03810000
W 50.78160000 23.51630000 18.03910000
Se 46.03570000 25.24500000 19.71650000
Se 48.92170000 26.80930000 19.70930000
Se 48.88130000 23.56230000 19.71150000
Se 51.77150000 25.12170000 19.70580000
Se 48.95810000 30.05120000 16.37000000
Se 51.85250000 31.60550000 16.36890000
Se 51.81080000 28.36310000 16.36850000
Se 54.70660000 29.91660000 16.37070000
W 50.86410000 30.00270000 18.03740000
W 50.90420000 33.24470000 18.03720000
W 53.75700000 31.55430000 18.03940000
W 53.71670000 28.31290000 18.03730000
Se 48.95970000 30.05410000 19.70720000
Se 51.84990000 31.60490000 19.70610000
Se 51.81150000 28.36390000 19.70570000
Se 54.70270000 29.91350000 19.70790000
Se 51.89530000 34.84730000 16.36970000
Se 54.79110000 36.40150000 16.37760000
Se 54.74820000 33.15880000 16.37410000
Se 57.64050000 34.71580000 16.38460000
W 53.79800000 34.79630000 18.04200000
W 53.84220000 38.03950000 18.04460000
W 56.69080000 36.35290000 18.05230000
W 56.64980000 33.10760000 18.04750000
Se 51.88910000 34.84570000 19.70680000
Se 54.78100000 36.39630000 19.71460000
Se 54.74110000 33.15440000 19.71110000
Se 57.63060000 34.70870000 19.72150000
Se 54.83830000 39.64500000 16.38070000
Se 57.72990000 41.21020000 16.39340000
Se 57.68280000 37.96220000 16.38960000
Se 60.56790000 39.53250000 16.40230000
W 56.73580000 39.60030000 18.05650000
W 56.78760000 42.85060000 18.05890000
W 59.62530000 41.17250000 18.06910000
W 59.57980000 37.91870000 18.06510000
Se 54.82500000 39.64020000 19.71760000
Se 57.71640000 41.20450000 19.73020000
Se 57.67090000 37.95520000 19.72650000
Se 60.55690000 39.52600000 19.73910000
Se 57.78510000 44.46030000 16.39450000
Se 60.67200000 46.04300000 16.40390000
Se 60.61540000 42.78660000 16.40490000
Se 63.49510000 44.37480000 16.41260000
W 59.67880000 44.42950000 18.07030000
W 59.74300000 47.69020000 18.06720000
W 62.56520000 46.02140000 18.07750000
W 62.50950000 42.75730000 18.07900000
Se 57.76990000 44.45760000 19.73130000
Se 60.66010000 46.04290000 19.74070000
Se 60.60390000 42.78260000 19.74170000
Se 63.48670000 44.37410000 19.74930000
Se 60.74050000 49.30270000 16.39830000
Se 63.62640000 50.90410000 16.39980000
Se 63.55450000 47.63780000 16.40850000
Se 66.43390000 49.24310000 16.40810000
W 62.63260000 49.28880000 18.07140000
W 62.71340000 52.55960000 18.06110000
W 65.51890000 50.89790000 18.07060000
W 65.44750000 47.62460000 18.07980000
Se 60.72820000 49.30700000 19.73510000
Se 63.61840000 50.91170000 19.73670000
Se 63.54620000 47.64150000 19.74520000
Se 66.42870000 49.25060000 19.74490000
Se 63.71160000 54.17480000 16.38800000
Se 66.59960000 55.79140000 16.38430000
Se 66.51050000 52.51530000 16.39700000
Se 69.39390000 54.13380000 16.39130000
W 65.60360000 54.17370000 18.05850000
W 65.69990000 57.45180000 18.04640000
W 68.49220000 55.79440000 18.05340000
W 68.40320000 52.51480000 18.06620000
Se 63.70420000 54.18420000 19.72490000
Se 66.59570000 55.80170000 19.72120000
Se 66.50570000 52.52570000 19.73380000
Se 69.39120000 54.14570000 19.72820000
Se 66.69850000 59.07160000 16.37350000
Se 69.58830000 60.69720000 16.37070000
Se 69.48730000 57.41410000 16.37910000
Se 72.37530000 59.04010000 16.37410000
W 68.59100000 59.07500000 18.04270000
W 71.48130000 60.70070000 18.03940000
W 71.38020000 57.41880000 18.04750000
Se 66.69570000 59.07850000 19.71060000
Se 69.58750000 60.70210000 19.70790000
Se 69.48550000 57.42400000 19.71610000
Se 72.37510000 59.04840000 19.71110000
Se 39.85139116 2.43400219 16.36810000
Se 39.85419116 2.43430219 19.70520000
Se 42.83969116 7.33350219 16.37340000
W 41.84679116 5.70950219 18.03980000
Se 42.84619116 7.32930219 19.71070000
Se 42.74220000 4.05585000 16.36730000
Se 42.63740000 0.77386400 16.36570000
Se 45.52900000 2.39193000 16.36060000
W 41.74650000 2.43231000 18.03550000
W 44.63960000 4.04901000 18.03310000
W 44.53350000 0.77102200 18.03130000
Se 42.74820000 4.05447000 19.70450000
Se 42.64240000 0.77785800 19.70280000
Se 45.53940000 2.39394000 19.69770000
Se 45.73010000 8.94282000 16.37230000
Se 45.63440000 5.67033000 16.36500000
Se 48.52900000 7.27430000 16.35910000
W 44.73820000 7.32228000 18.03940000
W 44.82510000 10.59100000 18.04670000
W 47.63220000 8.92470000 18.03570000
W 47.53540000 5.65647000 18.02800000
Se 45.74090000 8.93932000 19.70960000
Se 45.64540000 5.66800000 19.70220000
Se 48.54640000 7.27134000 19.69640000
Se 45.81280000 12.20960000 16.37900000
Se 48.70360000 13.80080000 16.37330000
Se 48.62320000 10.54070000 16.36720000
Se 51.52030000 12.12490000 16.35800000
W 47.71590000 12.18760000 18.04280000
W 47.78600000 15.44580000 18.04690000
W 50.61040000 13.77040000 18.03490000
W 50.52960000 10.51370000 18.02760000
Se 45.82290000 12.20770000 19.71630000
Se 48.71730000 13.80050000 19.71070000
Se 48.63910000 10.53790000 19.70450000
Se 51.54060000 12.12180000 19.69540000
Se 48.77060000 17.05630000 16.37610000
Se 51.66450000 18.62820000 16.36780000
Se 51.59900000 15.37870000 16.36460000
Se 54.49900000 16.94340000 16.35570000
W 50.67770000 17.02230000 18.03880000
W 50.73380000 20.27060000 18.03980000
W 53.57360000 18.58520000 18.03070000
W 53.50880000 15.33830000 18.02510000
Se 48.78200000 17.05860000 19.71340000
Se 51.67620000 18.62990000 19.70510000
Se 51.61490000 15.37820000 19.70200000
Se 54.51470000 16.94030000 19.69310000
Se 51.71960000 21.87490000 16.36870000
Se 54.61690000 23.43210000 16.36500000
Se 54.56300000 20.18870000 16.36140000
Se 57.46320000 21.74070000 16.36010000
W 53.62780000 21.82920000 18.03370000
W 53.67450000 25.07150000 18.03550000
W 56.52390000 23.37940000 18.03270000
W 56.47190000 20.13680000 18.02610000
Se 51.72730000 21.87740000 19.70590000
Se 54.62100000 23.43100000 19.70220000
Se 54.57250000 20.18730000 19.69870000
Se 57.46860000 21.73450000 19.69730000
Se 54.66370000 26.67450000 16.36780000
Se 57.55920000 28.22680000 16.37350000
Se 57.51460000 24.98360000 16.36740000
Se 60.40810000 26.53420000 16.37590000
W 56.56900000 26.62150000 18.03790000
W 56.61000000 29.86410000 18.04270000
W 59.46140000 28.17190000 18.04640000
W 59.41880000 24.92630000 18.03820000
Se 54.66350000 26.67260000 19.70500000
Se 57.55470000 28.22090000 19.71060000
Se 57.51430000 24.97800000 19.70450000
Se 60.40440000 26.52490000 19.71290000
Se 57.60030000 31.47070000 16.37910000
Se 60.48790000 33.03000000 16.39130000
Se 60.44940000 29.78130000 16.38430000
Se 63.33120000 31.34210000 16.39700000
W 59.50050000 31.41880000 18.05340000
W 59.53910000 34.66760000 18.05970000
W 62.38530000 32.98150000 18.06620000
W 62.34840000 29.72750000 18.05850000
Se 57.59270000 31.46420000 19.71610000
Se 60.47890000 33.02170000 19.72820000
Se 60.44250000 29.77270000 19.72120000
Se 63.32460000 31.33280000 19.73380000
Se 60.52640000 36.28040000 16.39750000
Se 63.40440000 37.85500000 16.40930000
Se 63.36710000 34.59760000 16.40400000
Se 66.23780000 36.17540000 16.41400000
W 62.42250000 36.23760000 18.07240000
W 62.46300000 39.49610000 18.07690000
W 65.29910000 37.81880000 18.08260000
W 65.26260000 34.55450000 18.07760000
Se 60.51620000 36.27260000 19.73430000
Se 63.39620000 37.84850000 19.74600000
Se 63.35950000 34.58960000 19.74080000
Se 66.23320000 36.16920000 19.75070000
Se 63.44610000 41.11400000 16.41250000
Se 66.31840000 42.70630000 16.41840000
Se 66.27520000 39.44030000 16.41760000
Se 69.14000000 41.03530000 16.42160000
W 65.34010000 41.08510000 18.08520000
W 65.38860000 44.35370000 18.08460000
W 68.21170000 42.68440000 18.08900000
W 68.16890000 39.41050000 18.08870000
Se 63.43770000 41.10980000 19.74920000
Se 66.31310000 42.70560000 19.75510000
Se 66.27010000 39.43640000 19.75430000
Se 69.13800000 41.03450000 19.75820000
Se 66.37040000 45.97380000 16.41550000
Se 69.24290000 47.58150000 16.41400000
Se 69.18640000 44.30800000 16.41990000
Se 72.05170000 45.91670000 16.41760000
W 68.26350000 45.95970000 18.08550000
W 68.32680000 49.23650000 18.07760000
W 71.13550000 47.57280000 18.08260000
W 71.07910000 44.29150000 18.08870000
Se 66.36500000 45.97710000 19.75210000
Se 69.23980000 47.58860000 19.75070000
Se 69.18370000 44.31090000 19.75650000
Se 72.05090000 45.92310000 19.75430000
Se 69.31190000 50.85640000 16.40400000
Se 72.18950000 52.47530000 16.39750000
Se 72.11420000 49.19550000 16.40930000
Se 74.98530000 50.81320000 16.40230000
W 71.20440000 50.85450000 18.07240000
W 71.28650000 54.13660000 18.05970000
W 74.08170000 52.47590000 18.06510000
W 74.00610000 49.19020000 18.07690000
Se 69.30880000 50.86710000 19.74080000
Se 72.18790000 52.48800000 19.73430000
Se 72.11260000 49.20580000 19.74600000
Se 74.98510000 50.82600000 19.73910000
Se 72.27750000 55.75680000 16.38460000
Se 75.16210000 57.38150000 16.37760000
Se 75.06780000 54.09700000 16.38960000
Se 77.94750000 55.71890000 16.38070000
W 74.17010000 55.76070000 18.05230000
W 74.26850000 59.04430000 18.04200000
W 77.05510000 57.38440000 18.04460000
W 76.96000000 54.09800000 18.05650000
Se 72.27630000 55.76890000 19.72150000
Se 75.16270000 57.39290000 19.71460000
Se 75.06770000 54.11070000 19.72650000
Se 77.94990000 55.73280000 19.71760000
Se 75.26400000 60.66650000 16.36970000
Se 78.04810000 59.00530000 16.37040000
Se 80.93610000 60.62490000 16.36200000
W 77.15810000 60.66810000 18.03700000
W 79.94260000 59.00490000 18.03590000
Se 75.26580000 60.67270000 19.70680000
Se 78.05170000 59.01520000 19.70740000
Se 80.94500000 60.63310000 19.69900000
Se 48.42319116 4.00080219 16.35220000
Se 48.44089116 4.00100219 19.68940000
Se 51.42729116 8.86490219 16.34860000
W 50.43459116 7.25120219 18.01840000
Se 51.45129116 8.86070219 19.68590000
Se 51.32080000 5.59713000 16.33890000
Se 51.20490000 2.32110000 16.33320000
Se 54.10460000 3.90698000 16.31000000
W 50.32730000 3.98211000 18.01060000
W 53.23050000 5.56647000 17.99240000
W 53.11280000 2.29508000 17.98560000
Se 51.34720000 5.59501000 19.67620000
Se 51.23160000 2.32469000 19.67030000
Se 54.14120000 3.90641000 19.64700000
Se 54.33010000 10.44030000 16.33430000
Se 54.22330000 7.17816000 16.32070000
Se 57.13110000 8.74280000 16.30010000
W 53.33760000 8.83022000 18.00410000
W 53.43070000 12.08710000 18.01600000
W 56.24420000 10.39220000 17.98730000
W 56.13790000 7.13312000 17.97010000
Se 54.35900000 10.43300000 19.67160000
Se 54.25730000 7.17217000 19.65790000
Se 57.16900000 8.73046000 19.63720000
Se 54.42200000 13.69460000 16.34670000
Se 57.32740000 15.25100000 16.33710000
Se 57.23740000 12.00050000 16.31970000
Se 60.14720000 13.54750000 16.30940000
W 56.33480000 13.64480000 18.00380000
W 56.40990000 16.89240000 18.01690000
W 59.24010000 15.18920000 17.99560000
W 59.15280000 11.93840000 17.97270000
Se 54.44450000 13.68910000 19.68410000
Se 57.34860000 15.24040000 19.67430000
Se 57.26750000 11.98760000 19.65690000
Se 60.17420000 13.52700000 19.64660000
Se 57.40190000 18.49700000 16.35040000
Se 60.30370000 20.04310000 16.35160000
Se 60.23360000 16.79690000 16.33310000
Se 63.13580000 18.33660000 16.33700000
W 59.31150000 18.43630000 18.01400000
W 59.37000000 21.68150000 18.02780000
W 62.21020000 19.97520000 18.01840000
W 62.14360000 16.72500000 17.99490000
Se 57.41450000 18.48900000 19.68770000
Se 60.31180000 20.02940000 19.68880000
Se 60.25050000 16.77960000 19.67030000
Se 63.14740000 18.31330000 19.67420000
Se 60.36070000 23.28840000 16.36540000
Se 63.25090000 24.83670000 16.37600000
Se 63.19960000 21.58640000 16.35950000
Se 66.08530000 23.13190000 16.37150000
W 62.26410000 23.22500000 18.03590000
W 62.30900000 26.47550000 18.04880000
W 65.15070000 24.77270000 18.04770000
W 65.10200000 21.51510000 18.02880000
Se 60.36190000 23.27750000 19.70250000
Se 63.24980000 24.82280000 19.71300000
Se 63.20390000 21.56840000 19.69660000
Se 66.08820000 23.11230000 19.70850000
Se 63.29350000 28.08850000 16.38800000
Se 66.16860000 29.65000000 16.39980000
Se 66.13050000 26.39010000 16.38820000
Se 68.99840000 27.95140000 16.39830000
W 65.19140000 28.03160000 18.06110000
W 65.22760000 31.29210000 18.07060000
W 68.06440000 29.59700000 18.07140000
W 68.02750000 26.32840000 18.05920000
Se 63.28900000 28.07740000 19.72490000
Se 66.16600000 29.63930000 19.73670000
Se 66.13000000 26.37570000 19.72510000
Se 69.00080000 27.93860000 19.73510000
Se 66.20330000 32.91190000 16.40810000
Se 69.06640000 34.49160000 16.41550000
Se 69.03320000 31.22090000 16.40850000
Se 71.88880000 32.80100000 16.41260000
W 68.09820000 32.86690000 18.07980000
W 68.13200000 36.13810000 18.08550000
W 70.96030000 34.45140000 18.08460000
W 70.92770000 31.17240000 18.07750000
Se 66.19940000 32.90360000 19.74490000
Se 69.06620000 34.48530000 19.75210000
Se 69.03420000 31.21190000 19.74520000
Se 71.89360000 32.79400000 19.74930000
Se 69.10100000 37.76320000 16.41990000
Se 71.95840000 39.35930000 16.42160000
Se 71.92210000 36.08020000 16.41840000
Se 74.77220000 37.67580000 16.41760000
W 70.99440000 37.73090000 18.08900000
W 71.03300000 41.01090000 18.09060000
W 73.85110000 39.33070000 18.08870000
W 73.81520000 36.04360000 18.08520000
Se 69.09980000 37.75930000 19.75650000
Se 71.96010000 39.35800000 19.75820000
Se 71.92540000 36.07600000 19.75510000
Se 74.77810000 37.67340000 19.75430000
Se 72.00060000 42.63810000 16.42160000
Se 74.85860000 44.24620000 16.41840000
Se 74.81170000 40.96160000 16.41990000
Se 77.66230000 42.56750000 16.41550000
W 73.89290000 42.61750000 18.08900000
W 73.94370000 45.90410000 18.08520000
W 76.75010000 44.22780000 18.08460000
W 76.70350000 40.93500000 18.08550000
Se 72.00100000 42.64030000 19.75820000
Se 74.86060000 44.25120000 19.75510000
Se 74.81560000 40.96250000 19.75650000
Se 77.66780000 42.57050000 19.75210000
Se 74.91580000 47.52990000 16.41250000
Se 77.77960000 49.14500000 16.40490000
Se 77.71520000 45.85700000 16.41260000
Se 80.57140000 47.46780000 16.40390000
W 76.80710000 47.51930000 18.07900000
W 76.87680000 50.80950000 18.06910000
W 79.67070000 49.13470000 18.07030000
W 79.60610000 45.83900000 18.07750000
Se 74.91630000 47.53920000 19.74920000
Se 77.78190000 49.15700000 19.74170000
Se 77.71880000 45.86460000 19.74930000
Se 80.57730000 47.47820000 19.74070000
Se 77.85710000 52.43210000 16.39340000
Se 80.73050000 54.04930000 16.38190000
Se 80.64420000 50.75930000 16.39450000
Se 83.51060000 52.36970000 16.37970000
W 79.74890000 52.42790000 18.05890000
W 79.84050000 55.71820000 18.04620000
W 82.62390000 54.04250000 18.04500000
W 82.53610000 50.74750000 18.05780000
Se 77.85900000 52.44670000 19.73020000
Se 80.73630000 54.06520000 19.71880000
Se 80.64950000 50.77380000 19.73130000
Se 83.52120000 52.38690000 19.71660000
Se 80.82910000 57.33810000 16.36980000
Se 83.71360000 58.95110000 16.35530000
Se 83.60650000 55.66160000 16.36630000
Se 86.48620000 57.26530000 16.34400000
W 82.72440000 57.33320000 18.03260000
W 82.83350000 60.61880000 18.02460000
W 85.61300000 58.93930000 18.01360000
W 85.50310000 55.64970000 18.02530000
Se 80.83630000 57.35160000 19.70680000
Se 83.72840000 58.96380000 19.69230000
Se 83.61890000 55.67860000 19.70320000
Se 86.50840000 57.28280000 19.68100000
Se 86.60200000 60.55410000 16.33470000
Se 53.97959116 0.62700219 16.30670000
W 88.50720000 60.53220000 17.98700000
Se 86.62720000 60.56530000 19.67170000
Se 54.01599116 0.63510219 19.64370000
Se 57.01069116 5.47600219 16.28250000
W 56.01839116 3.86640219 17.95690000
Se 57.05399116 5.46870219 19.61950000
W 59.04849116 8.68210219 17.94790000
Se 56.88090000 2.19963000 16.27250000
Se 59.65210000 0.47240900 16.23040000
W 55.89120000 0.59149100 17.95270000
W 58.79780000 2.14770000 17.91410000
Se 56.92630000 2.20189000 19.60930000
Se 59.70080000 0.47928100 19.56690000
Se 59.92290000 7.02813000 16.25600000
Se 59.79040000 3.75459000 16.23680000
Se 62.70650000 5.29369000 16.20710000
W 58.92860000 5.41872000 17.92640000
W 61.84150000 6.95412000 17.90050000
W 61.70920000 3.68533000 17.87790000
Se 59.96700000 7.01136000 19.59270000
Se 59.83870000 3.74773000 19.57340000
Se 62.75010000 5.27505000 19.54350000
Se 60.04320000 10.29210000 16.28230000
Se 62.95650000 11.82920000 16.27280000
Se 62.83900000 8.56594000 16.23690000
Se 65.75500000 10.09380000 16.23080000
W 61.96000000 10.21630000 17.93200000
W 62.06080000 13.47260000 17.96530000
W 64.86930000 11.74090000 17.92720000
W 64.75440000 8.47733000 17.88610000
Se 60.07980000 10.27100000 19.61930000
Se 62.98680000 11.79840000 19.60970000
Se 62.87740000 8.53793000 19.57350000
Se 65.78300000 10.05490000 19.56730000
Se 63.05550000 15.08510000 16.30760000
Se 65.95710000 16.61830000 16.31520000
Se 65.86620000 13.35880000 16.27490000
Se 68.76670000 14.88620000 16.28780000
W 64.96480000 15.00060000 17.96790000
W 65.04140000 18.25810000 18.00240000
W 67.86070000 16.52870000 17.97960000
W 67.77270000 13.26250000 17.93530000
Se 63.07630000 15.05680000 19.64470000
Se 65.97130000 16.58440000 19.65220000
Se 65.88760000 13.31970000 19.61170000
Se 68.77970000 14.84270000 19.62460000
Se 66.02900000 19.87520000 16.34760000
Se 68.90960000 21.41750000 16.36100000
Se 68.84720000 18.15220000 16.32930000
Se 71.72300000 19.69140000 16.34510000
W 67.92990000 19.79460000 18.01530000
W 67.98400000 23.06100000 18.04130000
W 70.80660000 21.33880000 18.02900000
W 70.74540000 18.06250000 17.99640000
Se 66.03670000 19.84860000 19.68470000
Se 68.91620000 21.39120000 19.69790000
Se 68.85670000 18.11680000 19.66630000
Se 71.73070000 19.65900000 19.68210000
Se 68.95860000 24.68360000 16.38320000
Se 71.81940000 26.24390000 16.39130000
Se 71.77660000 22.96700000 16.37260000
Se 74.63120000 24.52570000 16.37970000
W 70.85450000 24.61600000 18.05180000
W 70.89360000 27.89390000 18.06720000
W 73.71360000 26.18070000 18.05780000
W 73.67080000 22.89300000 18.03950000
Se 68.96270000 24.66520000 19.72010000
Se 71.82650000 26.22860000 19.72810000
Se 71.78430000 22.94420000 19.70950000
Se 74.64080000 24.50790000 19.71660000
Se 71.85560000 29.52200000 16.40390000
Se 74.70400000 31.10120000 16.40490000
Se 74.66970000 27.81320000 16.39450000
Se 77.51200000 29.39050000 16.39340000
W 73.74960000 29.46850000 18.07030000
W 73.78240000 32.75620000 18.07900000
W 76.59690000 31.05080000 18.06910000
W 76.56250000 27.75420000 18.05890000
Se 71.86170000 29.51170000 19.74070000
Se 74.71330000 31.09320000 19.74170000
Se 74.67970000 27.80140000 19.73130000
Se 77.52370000 29.38160000 19.73020000
Se 74.73720000 34.38890000 16.41250000
Se 77.58040000 35.98240000 16.40930000
Se 77.54590000 32.68700000 16.40230000
Se 80.38310000 34.27720000 16.39750000
W 76.62990000 34.34650000 18.07690000
W 76.66450000 37.64130000 18.08260000
W 79.47210000 35.94070000 18.07240000
W 79.43760000 32.63820000 18.06510000
Se 74.74510000 34.38370000 19.74920000
Se 77.59020000 35.97850000 19.74600000
Se 77.55710000 32.68080000 19.73910000
Se 80.39500000 34.27230000 19.73430000
Se 77.61830000 39.27590000 16.41400000
Se 80.46180000 40.87780000 16.40810000
Se 80.42000000 37.57870000 16.40400000
Se 83.25740000 39.17540000 16.39700000
W 79.50970000 39.24180000 18.07760000
W 79.55340000 42.54130000 18.07980000
W 82.35250000 40.84280000 18.07060000
W 82.31060000 37.53650000 18.06620000
Se 77.62600000 39.27500000 19.75070000
Se 80.47100000 40.87860000 19.74490000
Se 80.43080000 37.57610000 19.74080000
Se 83.26880000 39.17440000 19.73380000
Se 80.51140000 44.17410000 16.40850000
Se 83.36020000 45.77870000 16.39830000
Se 83.30400000 42.47870000 16.39980000
Se 86.14630000 44.07570000 16.38820000
W 82.40210000 44.14700000 18.07140000
W 82.46250000 47.44870000 18.06720000
W 85.25120000 45.74930000 18.05920000
W 85.19430000 42.44160000 18.06110000
Se 80.51870000 44.17940000 19.74520000
Se 83.37010000 45.78710000 19.73510000
Se 83.31470000 42.48180000 19.73670000
Se 86.15900000 44.08240000 19.72510000
Se 83.42850000 49.07550000 16.39130000
Se 86.28770000 50.67690000 16.37260000
Se 86.21010000 47.37800000 16.38320000
Se 89.06320000 48.96880000 16.36100000
W 85.32070000 49.05380000 18.05180000
W 85.40470000 52.35430000 18.03950000
W 88.18270000 50.65090000 18.02900000
W 88.10260000 47.34540000 18.04130000
Se 83.43820000 49.08930000 19.72810000
Se 86.30360000 50.69490000 19.70950000
Se 86.22400000 47.39090000 19.72010000
Se 89.08260000 48.98750000 19.69790000
Se 86.38020000 53.97260000 16.35820000
Se 89.25500000 55.56420000 16.32750000
Se 89.15130000 52.26820000 16.34510000
Se 92.02220000 53.84580000 16.30730000
W 88.27840000 53.95120000 18.01290000
W 88.38800000 57.24530000 17.99720000
W 91.15890000 55.53410000 17.97590000
W 91.05070000 52.23600000 17.99640000
Se 86.39900000 53.99260000 19.69510000
Se 89.28430000 55.58670000 19.66440000
Se 89.17550000 52.29110000 19.68210000
Se 92.05530000 53.87340000 19.64410000
Se 89.37170000 58.85640000 16.31310000
Se 92.26520000 60.43150000 16.27390000
Se 92.13800000 57.14080000 16.28680000
Se 95.03190000 58.70010000 16.23890000
W 91.27990000 58.82490000 17.95970000
W 94.17940000 60.38540000 17.91510000
W 94.04790000 57.09910000 17.92960000
Se 89.40540000 58.87330000 19.65000000
Se 92.30920000 60.44520000 19.61060000
Se 92.17750000 57.16410000 19.62350000
Se 95.07750000 58.72080000 19.57540000
Se 62.56489116 2.01300219 16.19030000
Se 62.61049116 2.00920219 19.52660000
Se 65.62549116 6.82100219 16.19040000
W 64.62349116 5.20860219 17.85230000
Se 65.65849116 6.78990219 19.52680000
W 67.66349116 9.99450219 17.88710000
Se 65.48440000 3.54049000 16.16220000
Se 65.33730000 0.25417100 16.15230000
Se 68.25920000 1.77361000 16.13090000
W 64.48120000 1.93475000 17.83350000
W 67.39520000 3.44943000 17.81320000
W 67.24750000 0.17223600 17.80250000
Se 65.51910000 3.52410000 19.49850000
Se 65.37210000 0.25678600 19.48850000
Se 68.27820000 1.76391000 19.46730000
Se 68.54380000 8.34157000 16.19110000
Se 68.40610000 5.06008000 16.15230000
Se 71.32500000 6.57672000 16.16270000
W 67.53630000 6.72365000 17.84340000
W 70.44580000 8.23646000 17.85320000
W 70.30850000 4.96004000 17.81330000
Se 68.56210000 8.29968000 19.52740000
Se 68.42520000 5.03130000 19.48860000
Se 71.32780000 6.53774000 19.49890000
Se 68.66540000 11.61670000 16.23940000
Se 71.56480000 13.14000000 16.26000000
Se 71.45450000 9.86050000 16.20880000
Se 74.35280000 11.38270000 16.23890000
W 70.56650000 11.51190000 17.90310000
W 70.66640000 14.78700000 17.95340000
W 73.45830000 13.03540000 17.92960000
W 73.34780000 9.75283000 17.87920000
Se 68.68170000 11.57010000 19.57590000
Se 71.57130000 13.09080000 19.59660000
Se 71.45940000 9.81177000 19.54520000
Se 74.34790000 11.33290000 19.57540000
Se 71.65370000 16.41630000 16.30730000
Se 74.52550000 17.95360000 16.32750000
Se 74.44940000 14.66850000 16.28680000
Se 77.31830000 16.20640000 16.31310000
W 73.54750000 16.31980000 17.97590000
W 73.61700000 19.60580000 18.01290000
W 76.41490000 17.86390000 17.99720000
W 76.33690000 14.56960000 17.95970000
Se 71.66110000 16.37390000 19.64410000
Se 74.53040000 17.91700000 19.66440000
Se 74.44980000 14.62270000 19.62350000
Se 77.31610000 16.16880000 19.65000000
Se 74.58460000 21.23910000 16.35820000
Se 77.43410000 22.79670000 16.36630000
Se 77.38310000 19.50090000 16.34400000
Se 80.22940000 21.05920000 16.35530000
W 76.47550000 21.16010000 18.02530000
W 76.52330000 24.45710000 18.04500000
W 79.32280000 22.72470000 18.03260000
W 79.26950000 19.42010000 18.01360000
Se 74.59250000 21.21280000 19.69510000
Se 77.44260000 22.77740000 19.70320000
Se 77.38720000 19.47290000 19.68100000
Se 80.23300000 21.04000000 19.69230000
Se 77.47580000 26.09340000 16.38190000
Se 80.31330000 27.66890000 16.38070000
Se 80.27470000 24.36370000 16.36980000
Se 83.10910000 25.93850000 16.37040000
W 79.36610000 26.02980000 18.04620000
W 79.40330000 29.33450000 18.05650000
W 82.20180000 27.60890000 18.04460000
W 82.16140000 24.29810000 18.03590000
Se 77.48670000 26.08050000 19.71880000
Se 80.32410000 27.65980000 19.71760000
Se 80.28280000 24.35070000 19.70680000
Se 83.11580000 25.93040000 19.70740000
Se 80.34850000 30.97370000 16.38960000
Se 83.18100000 32.56030000 16.38460000
Se 83.14590000 29.24980000 16.37760000
Se 85.97560000 30.83390000 16.37410000
W 82.23810000 30.91930000 18.05230000
W 82.27350000 34.22860000 18.05970000
W 85.06910000 32.50630000 18.04750000
W 85.03260000 29.19230000 18.04200000
Se 80.36040000 30.96690000 19.72650000
Se 83.19210000 32.55520000 19.72150000
Se 83.15540000 29.24360000 19.71460000
Se 85.98290000 30.82990000 19.71110000
Se 83.21730000 35.86900000 16.39130000
Se 86.05000000 37.46010000 16.38430000
Se 86.01150000 34.14790000 16.37910000
Se 88.84130000 35.73430000 16.37350000
W 85.10630000 35.81960000 18.05340000
W 85.14700000 39.13150000 18.05850000
W 87.93780000 37.40910000 18.04640000
W 87.89800000 34.09370000 18.04270000
Se 83.22900000 35.86540000 19.72820000
Se 86.06090000 37.45840000 19.72120000
Se 86.02090000 34.14460000 19.71610000
Se 88.84860000 35.73340000 19.71060000
Se 86.09390000 40.76960000 16.38800000
Se 88.93140000 42.35850000 16.37600000
Se 88.88270000 39.04790000 16.37590000
Se 91.71730000 40.62970000 16.36540000
W 87.98310000 40.72340000 18.04880000
W 88.03690000 44.03580000 18.04770000
W 90.82060000 42.30980000 18.03590000
W 90.76980000 38.99510000 18.03820000
Se 86.10580000 40.77120000 19.72490000
Se 88.94390000 42.36460000 19.71300000
Se 88.89260000 39.04930000 19.71290000
Se 91.72620000 40.63620000 19.70250000
Se 88.99050000 45.66560000 16.37150000
Se 91.83910000 47.24520000 16.34760000
Se 91.77180000 43.93930000 16.35950000
Se 94.61820000 45.50890000 16.33700000
W 90.88240000 45.62250000 18.02880000
W 90.95840000 48.93170000 18.01530000
W 93.73330000 47.19840000 18.00240000
W 93.66190000 43.88800000 18.01840000
Se 89.00610000 45.67790000 19.70850000
Se 91.85830000 47.26520000 19.68470000
Se 91.78530000 43.95200000 19.69660000
Se 94.63250000 45.53060000 19.67420000
Se 91.92220000 50.54730000 16.32930000
Se 94.79090000 52.11060000 16.28780000
Se 94.69560000 48.81140000 16.31520000
W 93.82140000 50.50480000 17.97960000
W 93.92690000 53.80540000 17.95340000
W 96.69410000 52.06160000 17.93530000
W 96.59270000 48.76080000 17.96790000
Se 91.94810000 50.57320000 19.66630000
Se 94.82200000 52.14360000 19.62460000
Se 94.71790000 48.84060000 19.65220000
Se 94.90410000 55.40700000 16.26000000
Se 97.79930000 56.95120000 16.20880000
Se 97.67290000 53.65770000 16.23940000
W 96.81320000 55.35640000 17.90310000
W 96.94600000 58.64460000 17.87920000
W 99.71020000 56.88960000 17.85320000
Se 94.94340000 55.43720000 19.59660000
Se 97.83910000 56.97980000 19.54520000
Se 97.70520000 53.69500000 19.57590000
Se 97.93780000 60.24230000 16.19090000
Se 100.70800000 58.48090000 16.16270000
W 99.85220000 60.17270000 17.83380000
Se 97.98210000 60.25580000 19.52720000
Se 100.74000000 58.50280000 19.49890000
