W 32.89440000 56.47340000 12.71820000
Se 36.67960000 56.65620000 11.08090000
Se 36.68380000 56.62510000 14.36880000
W 35.66330000 58.23810000 12.73970000
Se 39.43680000 58.41740000 11.08110000
Se 39.45890000 58.39570000 14.36910000
W 38.42930000 60.00430000 12.73980000
Se 42.19460000 60.17460000 11.06060000
Se 42.23180000 60.16270000 14.34860000
W 30.24310000 51.44710000 12.63840000
Se 34.04760000 51.62390000 11.01380000
Se 34.03470000 51.57670000 14.30180000
W 33.02900000 53.19920000 12.67880000
Se 36.81720000 53.38340000 11.04060000
Se 36.81860000 53.33800000 14.32850000
W 35.80450000 54.96010000 12.70760000
Se 39.57870000 55.14380000 11.05070000
Se 39.59650000 55.10510000 14.33860000
W 38.57350000 56.72460000 12.71820000
Se 42.33740000 56.90100000 11.04180000
Se 42.37010000 56.87140000 14.32970000
W 41.33940000 58.48730000 12.70820000
Se 45.09790000 58.64990000 11.01580000
Se 45.14050000 58.62990000 14.30380000
W 44.10520000 60.24240000 12.67960000
Se 47.86400000 60.38540000 10.97870000
Se 47.90940000 60.37420000 14.26690000
W 27.53770000 46.45160000 12.55910000
Se 31.36010000 46.60250000 10.93000000
Se 31.34410000 46.56210000 14.21840000
W 30.34960000 48.18290000 12.59290000
Se 34.15770000 48.34990000 10.96180000
Se 34.14590000 48.30170000 14.25000000
W 33.14790000 49.92750000 12.62940000
Se 36.93930000 50.10510000 10.98980000
Se 36.93750000 50.05420000 14.27780000
W 35.93340000 51.68260000 12.66070000
Se 39.70890000 51.86340000 11.00660000
Se 39.72080000 51.81520000 14.29450000
W 38.70870000 53.44340000 12.67900000
Se 42.47180000 53.61970000 11.00770000
Se 42.49740000 53.57830000 14.29570000
W 41.47780000 55.20430000 12.67970000
Se 45.23320000 55.36900000 10.99300000
Se 45.26900000 55.33630000 14.28110000
W 44.24380000 56.95950000 12.66270000
Se 47.99750000 57.10600000 10.96670000
Se 48.03740000 57.08250000 14.25510000
W 47.00990000 58.70280000 12.63230000
Se 50.76750000 58.82680000 10.93540000
Se 50.80500000 58.81210000 14.22400000
W 49.77860000 60.42990000 12.59540000
Se 53.54410000 60.53010000 10.90540000
Se 53.57470000 60.52300000 14.19400000
W 24.77940000 41.48620000 12.51330000
Se 28.61080000 41.60760000 10.87160000
Se 28.60360000 41.58370000 14.16020000
W 27.61340000 43.19790000 12.52820000
Se 31.43590000 43.33450000 10.88950000
Se 31.42580000 43.30100000 14.17800000
W 30.43670000 44.92140000 12.55080000
Se 34.24640000 45.07320000 10.91320000
Se 34.23670000 45.03100000 14.20160000
W 33.24720000 46.65750000 12.57920000
Se 37.04100000 46.82140000 10.93810000
Se 37.03640000 46.77370000 14.22640000
W 36.04390000 48.40490000 12.60800000
Se 39.82120000 48.57510000 10.95750000
Se 39.82640000 48.52660000 14.24570000
W 38.82840000 50.16000000 12.62980000
Se 42.59130000 50.32930000 10.96580000
Se 42.60820000 50.28440000 14.25400000
W 41.60340000 51.91760000 12.63870000
Se 45.35660000 52.07840000 10.96080000
Se 45.38360000 52.04000000 14.24910000
W 44.37270000 53.67150000 12.63230000
Se 48.12210000 53.81710000 10.94460000
Se 48.15430000 53.78650000 14.23310000
W 47.13950000 55.41550000 12.61280000
Se 50.89120000 55.54090000 10.92260000
Se 50.92260000 55.51830000 14.21120000
W 49.90680000 57.14480000 12.58590000
Se 53.66530000 57.24780000 10.90020000
Se 53.69150000 57.23280000 14.18900000
W 52.67710000 58.85680000 12.55770000
Se 56.44420000 58.93820000 10.88130000
Se 56.46330000 58.93020000 14.17010000
W 55.45180000 60.55200000 12.53290000
Se 59.22710000 60.61480000 10.86680000
Se 59.23960000 60.61290000 14.15550000
W 21.98690000 36.54100000 12.49680000
Se 25.82080000 36.64200000 10.84620000
Se 25.82320000 36.62980000 14.13480000
W 24.83350000 38.23930000 12.49840000
Se 28.66240000 38.34950000 10.84930000
Se 28.66130000 38.33120000 14.13780000
W 27.67410000 39.94520000 12.50430000
Se 31.49510000 40.06670000 10.85830000
Se 31.49000000 40.04130000 14.14680000
W 30.50600000 41.66100000 12.51670000
Se 34.31570000 41.79510000 10.87390000
Se 34.30800000 41.76220000 14.16230000
W 33.32640000 43.38820000 12.53570000
Se 37.12160000 43.53390000 10.89350000
Se 37.11500000 43.49510000 14.18190000
W 36.13380000 45.12660000 12.55880000
Se 39.91280000 45.28050000 10.91230000
Se 39.91180000 45.23890000 14.20070000
W 38.92800000 46.87420000 12.58020000
Se 42.69180000 47.03040000 10.92450000
Se 42.69970000 46.98970000 14.21290000
W 41.71110000 48.62670000 12.59380000
Se 45.46320000 48.77820000 10.92650000
Se 45.48040000 48.74140000 14.21500000
W 44.48600000 50.37810000 12.59550000
Se 48.23220000 50.51820000 10.91850000
Se 48.25560000 50.48700000 14.20710000
W 47.25630000 52.12210000 12.58550000
Se 51.00290000 52.24540000 10.90420000
Se 51.02740000 52.22030000 14.19290000
W 50.02520000 53.85330000 12.56770000
Se 53.77730000 53.95700000 10.88850000
Se 53.79850000 53.93770000 14.17730000
W 52.79520000 55.56840000 12.54750000
Se 56.55580000 55.65220000 10.87530000
Se 56.57120000 55.63860000 14.16410000
W 55.56830000 57.26700000 12.52950000
Se 59.33740000 57.33290000 10.86570000
Se 59.34720000 57.32470000 14.15450000
W 58.34530000 58.95080000 12.51530000
Se 62.12150000 59.00210000 10.85910000
Se 62.12710000 58.99900000 14.14780000
W 61.12620000 60.62300000 12.50490000
Se 64.90730000 60.66330000 10.85400000
Se 64.91040000 60.66490000 14.14280000
W 19.17820000 31.60580000 12.49330000
Se 23.01270000 31.69730000 10.83960000
Se 23.02040000 31.68960000 14.12810000
W 22.03000000 33.29730000 12.48990000
Se 25.86100000 33.39180000 10.83500000
Se 25.86730000 33.38130000 14.12350000
W 24.87920000 34.99200000 12.48700000
Se 28.70500000 35.09170000 10.83310000
Se 28.70800000 35.07770000 14.12150000
W 27.72370000 36.69230000 12.48660000
Se 31.54210000 36.79940000 10.83600000
Se 31.54060000 36.78090000 14.12440000
W 30.56090000 38.40050000 12.49130000
Se 34.36940000 38.51700000 10.84500000
Se 34.36350000 38.49330000 14.13340000
W 33.38840000 40.11850000 12.50230000
Se 37.18400000 40.24510000 10.85950000
Se 37.17610000 40.21660000 14.14790000
W 36.20420000 41.84740000 12.51890000
Se 39.98470000 41.98250000 10.87610000
Se 39.97870000 41.95090000 14.16460000
W 39.00740000 43.58630000 12.53760000
Se 42.77260000 43.72610000 10.88990000
Se 42.77260000 43.69390000 14.17840000
W 41.79880000 45.33200000 12.55280000
Se 45.55100000 45.47080000 10.89650000
Se 45.55900000 45.44060000 14.18510000
W 44.58060000 47.07960000 12.55990000
Se 48.32500000 47.21100000 10.89440000
Se 48.33960000 47.18430000 14.18310000
W 47.35620000 48.82270000 12.55710000
Se 51.09890000 48.94120000 10.88580000
Se 51.11650000 48.91860000 14.17460000
W 50.12880000 50.55560000 12.54650000
Se 53.87560000 50.65760000 10.87480000
Se 53.89180000 50.63880000 14.16360000
W 52.90130000 52.27410000 12.53270000
Se 56.65580000 52.35860000 10.86530000
Se 56.66800000 52.34330000 14.15420000
W 55.67570000 53.97660000 12.52000000
Se 59.43910000 54.04480000 10.85920000
Se 59.44650000 54.03300000 14.14800000
W 58.45300000 55.66420000 12.51060000
Se 62.22440000 55.71850000 10.85600000
Se 62.22810000 55.71040000 14.14480000
W 61.23340000 57.33930000 12.50450000
Se 65.01090000 57.38290000 10.85440000
Se 65.01240000 57.37860000 14.14320000
W 64.01660000 59.00540000 12.50030000
Se 67.79810000 59.04110000 10.85310000
Se 67.79860000 59.04070000 14.14190000
W 66.80200000 60.66540000 12.49690000
Se 70.58570000 60.69600000 10.85140000
Se 70.58560000 60.69940000 14.14020000
W 16.36710000 26.67330000 12.49420000
Se 20.20080000 26.76310000 10.83980000
Se 20.21120000 26.75680000 14.12830000
W 19.21870000 28.36330000 12.48920000
Se 23.05030000 28.45150000 10.83270000
Se 23.06050000 28.44350000 14.12120000
W 22.07030000 30.05270000 12.48350000
Se 25.89800000 30.14080000 10.82600000
Se 25.90670000 30.13140000 14.11440000
W 24.91990000 31.74360000 12.47770000
Se 28.74220000 31.83360000 10.82130000
Se 28.74780000 31.82240000 14.10960000
W 27.76570000 33.43830000 12.47360000
Se 31.58110000 33.53230000 10.82040000
Se 31.58200000 33.51880000 14.10870000
W 30.60560000 35.13900000 12.47320000
Se 34.41210000 35.23950000 10.82510000
Se 34.40770000 35.22300000 14.11340000
W 33.43740000 36.84810000 12.47850000
Se 37.23250000 36.95670000 10.83550000
Se 37.22420000 36.93700000 14.12380000
W 36.25900000 38.56720000 12.48980000
Se 40.04060000 38.68410000 10.84980000
Se 40.03130000 38.66190000 14.13820000
W 39.06930000 40.29660000 12.50510000
Se 42.83610000 40.41970000 10.86390000
Se 42.83000000 40.39650000 14.15240000
W 41.86800000 42.03460000 12.52030000
Se 45.62150000 42.15950000 10.87350000
Se 45.62160000 42.13730000 14.16210000
W 44.65670000 43.77700000 12.53050000
Se 48.40070000 43.89830000 10.87580000
Se 48.40750000 43.87850000 14.16450000
W 47.43820000 45.51820000 12.53270000
Se 51.17840000 45.63050000 10.87130000
Se 51.18970000 45.61330000 14.16010000
W 50.21560000 47.25220000 12.52750000
Se 53.95810000 47.35140000 10.86330000
Se 53.97010000 47.33650000 14.15210000
W 52.99200000 48.97410000 12.51810000
Se 56.74120000 49.05830000 10.85560000
Se 56.75080000 49.04500000 14.14440000
W 55.76960000 50.68120000 12.50870000
Se 59.52770000 50.75070000 10.85070000
Se 59.53360000 50.73880000 14.13950000
W 58.54960000 52.37330000 12.50210000
Se 62.31640000 52.43000000 10.84900000
Se 62.31900000 52.41990000 14.13780000
W 61.33230000 54.05250000 12.49870000
Se 65.10630000 54.09900000 10.84950000
Se 65.10680000 54.09100000 14.13830000
W 64.11720000 55.72150000 12.49760000
Se 67.89670000 55.76040000 10.85070000
Se 67.89620000 55.75510000 14.13950000
W 66.90380000 57.38340000 12.49730000
Se 70.68690000 57.41720000 10.85170000
Se 70.68590000 57.41490000 14.14050000
W 69.69130000 59.04110000 12.49680000
Se 73.47650000 59.07210000 10.85230000
Se 73.47490000 59.07310000 14.14100000
W 72.47900000 60.69710000 12.49570000
Se 76.26510000 60.72750000 10.85280000
Se 76.26200000 60.73210000 14.14140000
W 13.56650000 21.73620000 12.50210000
Se 17.39600000 21.82980000 10.84500000
Se 17.41020000 21.82680000 14.13340000
W 16.41230000 23.43020000 12.49290000
Se 20.24250000 23.51870000 10.83520000
Se 20.25550000 23.51240000 14.12360000
W 19.26100000 25.11960000 12.48500000
Se 23.08900000 25.20400000 10.82640000
Se 23.10100000 25.19600000 14.11480000
W 22.11020000 26.80660000 12.47730000
Se 25.93440000 26.88840000 10.81850000
Se 25.94450000 26.87970000 14.10680000
W 24.95830000 28.49350000 12.46980000
Se 28.77720000 28.57450000 10.81240000
Se 28.78420000 28.56530000 14.10070000
W 27.80350000 30.18260000 12.46360000
Se 31.61570000 30.26510000 10.80960000
Se 31.61820000 30.25500000 14.09780000
W 30.64390000 31.87620000 12.46050000
Se 34.44800000 31.96270000 10.81150000
Se 34.44500000 31.95130000 14.09970000
W 33.47760000 33.57670000 12.46220000
Se 37.27170000 33.66960000 10.81910000
Se 37.26370000 33.65630000 14.10730000
W 36.30270000 35.28630000 12.46970000
Se 40.08480000 35.38680000 10.83130000
Se 40.07390000 35.37180000 14.11960000
W 39.11780000 37.00610000 12.48220000
Se 42.88640000 37.11370000 10.84530000
Se 42.87630000 37.09780000 14.13370000
W 41.92230000 38.73550000 12.49660000
Se 45.67770000 38.84730000 10.85700000
Se 45.67200000 38.83200000 14.14550000
W 44.71710000 40.47170000 12.50870000
Se 48.46190000 40.58330000 10.86280000
Se 48.46230000 40.56970000 14.15150000
W 47.50420000 42.21000000 12.51470000
Se 51.24330000 42.31600000 10.86190000
Se 51.24910000 42.30450000 14.15060000
W 50.28650000 43.94430000 12.51350000
Se 54.02580000 44.04040000 10.85610000
Se 54.03430000 44.03060000 14.14490000
W 53.06720000 45.66920000 12.50720000
Se 56.81180000 45.75280000 10.84910000
Se 56.81970000 45.74360000 14.13790000
W 55.84860000 47.38110000 12.49950000
Se 59.60170000 47.45150000 10.84380000
Se 59.60700000 47.44250000 14.13260000
W 58.63240000 49.07860000 12.49360000
Se 62.39470000 49.13710000 10.84170000
Se 62.39710000 49.12810000 14.13050000
W 61.41880000 50.76270000 12.49090000
Se 65.18950000 50.81150000 10.84230000
Se 65.18980000 50.80290000 14.13100000
W 64.20750000 52.43570000 12.49100000
Se 67.98510000 52.47730000 10.84440000
Se 67.98420000 52.46970000 14.13310000
W 66.99780000 54.10060000 12.49250000
Se 70.78050000 54.13720000 10.84690000
Se 70.77900000 54.13140000 14.13570000
W 69.78880000 55.76000000 12.49430000
Se 73.57520000 55.79410000 10.84950000
Se 73.57290000 55.79050000 14.13830000
W 72.57960000 57.41680000 12.49570000
Se 76.36840000 57.45030000 10.85240000
Se 76.36460000 57.44950000 14.14110000
W 75.36930000 59.07340000 12.49710000
Se 79.15960000 59.10860000 10.85640000
Se 79.15280000 59.11110000 14.14510000
W 78.15710000 60.73260000 12.49880000
Se 81.94820000 60.77200000 10.86280000
Se 81.93620000 60.77830000 14.15150000
W 10.79270000 16.78540000 12.53050000
Se 14.61050000 16.88740000 10.86390000
Se 14.63360000 16.89360000 14.15240000
W 13.62490000 18.49030000 12.50870000
Se 17.44840000 18.58390000 10.84530000
Se 17.46730000 18.58310000 14.13370000
W 16.46420000 20.18550000 12.49310000
Se 20.28940000 20.27170000 10.83180000
Se 20.30510000 20.26670000 14.12010000
W 19.30760000 21.87400000 12.48140000
Se 23.13140000 21.95400000 10.82120000
Se 23.14470000 21.94710000 14.10950000
W 22.15260000 23.55840000 12.47160000
Se 25.97290000 23.63380000 10.81250000
Se 25.98370000 23.62630000 14.10070000
W 24.99730000 25.24130000 12.46300000
Se 28.81260000 25.31390000 10.80570000
Se 28.82030000 25.30650000 14.09390000
W 27.84010000 26.92500000 12.45590000
Se 31.64910000 26.99720000 10.80190000
Se 31.65260000 26.98970000 14.09000000
W 30.67910000 28.61180000 12.45140000
Se 34.48080000 28.68630000 10.80220000
Se 34.47900000 28.67830000 14.09030000
W 33.51280000 30.30430000 12.45100000
Se 37.30560000 30.38380000 10.80770000
Se 37.29860000 30.37470000 14.09580000
W 36.33950000 32.00490000 12.45590000
Se 40.12170000 32.09140000 10.81820000
Se 40.11060000 32.08100000 14.10640000
W 39.15750000 33.71530000 12.46620000
Se 42.92760000 33.80940000 10.83180000
Se 42.91540000 33.79830000 14.12010000
W 41.96610000 35.43590000 12.47980000
Se 45.72370000 35.53610000 10.84500000
Se 45.71390000 35.52540000 14.13340000
W 44.76560000 37.16520000 12.49310000
Se 48.51210000 37.26800000 10.85390000
Se 48.50760000 37.25870000 14.14250000
W 47.55730000 38.89940000 12.50210000
Se 51.29660000 38.99990000 10.85640000
Se 51.29790000 38.99270000 14.14510000
W 50.34400000 40.63300000 12.50450000
Se 54.08140000 40.72670000 10.85300000
Se 54.08690000 40.72120000 14.14180000
W 53.12850000 42.36040000 12.50090000
Se 56.86960000 42.44390000 10.84660000
Se 56.87620000 42.43900000 14.13540000
W 55.91360000 44.07690000 12.49430000
Se 59.66230000 44.14870000 10.84040000
Se 59.66770000 44.14350000 14.12920000
W 58.70100000 45.78020000 12.48800000
Se 62.45910000 45.84080000 10.83670000
Se 62.46210000 45.83470000 14.12550000
W 61.49160000 47.47010000 12.48440000
Se 65.25900000 47.52110000 10.83590000
Se 65.25970000 47.51430000 14.12460000
W 64.28490000 49.14820000 12.48380000
Se 68.06050000 49.19200000 10.83730000
Se 68.05970000 49.18500000 14.12600000
W 67.08030000 50.81700000 12.48530000
Se 70.86250000 50.85600000 10.83990000
Se 70.86080000 50.84950000 14.12870000
W 69.87660000 52.47940000 12.48790000
Se 73.66400000 52.51590000 10.84320000
Se 73.66140000 52.51040000 14.13200000
W 72.67280000 54.13790000 12.49080000
Se 76.46440000 54.17420000 10.84730000
Se 76.46000000 54.17020000 14.13610000
W 75.46780000 55.79520000 12.49400000
Se 79.26270000 55.83350000 10.85300000
Se 79.25520000 55.83160000 14.14180000
W 78.26060000 57.45400000 12.49820000
Se 82.05810000 57.49680000 10.86190000
Se 82.04530000 57.49750000 14.15060000
W 81.05030000 59.11710000 12.50450000
Se 84.84970000 59.16740000 10.87580000
Se 84.82910000 59.17140000 14.16450000
W 83.83580000 60.78800000 12.51470000
Se 87.63640000 60.84900000 10.89650000
Se 87.60620000 60.85730000 14.18510000
W 8.06554000 11.80950000 12.59380000
Se 11.86260000 11.92520000 10.91230000
Se 11.89910000 11.94520000 14.20070000
W 10.87490000 13.53280000 12.55280000
Se 14.68270000 13.63650000 10.87610000
Se 14.71310000 13.64720000 14.16460000
W 13.69600000 15.24150000 12.52030000
Se 17.51130000 15.33410000 10.84980000
Se 17.53520000 15.33720000 14.13820000
W 16.52590000 16.93810000 12.49660000
Se 20.34470000 17.02110000 10.83130000
Se 20.36320000 17.01920000 14.11960000
W 19.36160000 18.62580000 12.47980000
Se 23.18020000 18.70070000 10.81820000
Se 23.19470000 18.69630000 14.10640000
W 22.20020000 20.30770000 12.46740000
Se 26.01620000 20.37640000 10.80840000
Se 26.02740000 20.37120000 14.09660000
W 25.03970000 21.98670000 12.45770000
Se 28.85120000 22.05120000 10.80120000
Se 28.85920000 22.04600000 14.08940000
W 27.87830000 23.66520000 12.45000000
Se 31.68410000 23.72800000 10.79680000
Se 31.68830000 23.72300000 14.08490000
W 30.71450000 25.34580000 12.44490000
Se 34.51350000 25.40970000 10.79590000
Se 34.51300000 25.40450000 14.08400000
W 33.54650000 27.03090000 12.44330000
Se 37.33770000 27.09880000 10.79970000
Se 37.33210000 27.09280000 14.08780000
W 36.37300000 28.72310000 12.44640000
Se 40.15490000 28.79750000 10.80840000
Se 40.14480000 28.79040000 14.09660000
W 39.19230000 30.42460000 12.45480000
Se 42.96350000 30.50700000 10.82120000
Se 42.95090000 30.49900000 14.10950000
W 42.00340000 32.13660000 12.46740000
Se 45.76310000 32.22660000 10.83520000
Se 45.75110000 32.21850000 14.12360000
W 44.80620000 33.85850000 12.48140000
Se 48.55490000 33.95360000 10.84670000
Se 48.54670000 33.94660000 14.13530000
W 47.60150000 35.58780000 12.49290000
Se 51.34200000 35.68370000 10.85280000
Se 51.33950000 35.67880000 14.14140000
W 50.39150000 37.31970000 12.49880000
Se 54.12840000 37.41180000 10.85240000
Se 54.13100000 37.40890000 14.14110000
W 53.17910000 39.04870000 12.49820000
Se 56.91760000 39.13300000 10.84730000
Se 56.92320000 39.13120000 14.13610000
W 55.96700000 40.76950000 12.49300000
Se 59.71190000 40.84360000 10.84060000
Se 59.71770000 40.84180000 14.12930000
W 58.75740000 42.47860000 12.48630000
Se 62.51150000 42.54220000 10.83510000
Se 62.51560000 42.53950000 14.12380000
W 61.55140000 44.17480000 12.48110000
Se 65.31550000 44.22880000 10.83230000
Se 65.31740000 44.22500000 14.12090000
W 64.34900000 45.85880000 12.47870000
Se 68.12250000 45.90530000 10.83210000
Se 68.12250000 45.90070000 14.12070000
W 67.14950000 47.53270000 12.47890000
Se 70.93110000 47.57410000 10.83370000
Se 70.92970000 47.56920000 14.12230000
W 69.95180000 49.19900000 12.48090000
Se 73.74020000 49.23770000 10.83650000
Se 73.73750000 49.23310000 14.12520000
W 72.75460000 50.86050000 12.48390000
Se 76.54870000 50.89890000 10.84060000
Se 76.54420000 50.89480000 14.12930000
W 75.55670000 52.51970000 12.48770000
Se 79.35570000 52.56040000 10.84660000
Se 79.34820000 52.55700000 14.13540000
W 78.35690000 54.17920000 12.49300000
Se 82.16020000 54.22490000 10.85610000
Se 82.14750000 54.22250000 14.14490000
W 81.15400000 55.84200000 12.50090000
Se 84.96100000 55.89570000 10.87130000
Se 84.94050000 55.89460000 14.16010000
W 83.94670000 57.51130000 12.51350000
Se 87.75640000 57.57660000 10.89440000
Se 87.72600000 57.57730000 14.18310000
W 86.73390000 59.19100000 12.53270000
Se 90.54460000 59.27140000 10.92650000
Se 90.50410000 59.27490000 14.21500000
W 89.51480000 60.88500000 12.55990000
Se 93.32380000 60.98300000 10.96580000
Se 93.27640000 60.99080000 14.25400000
W 5.39535000 6.80108000 12.67900000
Se 9.17104000 6.93786000 10.98980000
Se 9.21600000 6.96174000 14.27780000
W 8.17901000 8.54636000 12.62980000
Se 11.96400000 8.66777000 10.93810000
Se 12.00760000 8.68761000 14.22640000
W 10.97470000 10.27560000 12.58020000
Se 14.77070000 10.38130000 10.89350000
Se 14.80770000 10.39490000 14.18190000
W 13.78250000 11.98830000 12.53760000
Se 17.58780000 12.07980000 10.85950000
Se 17.61640000 12.08710000 14.14790000
W 16.60050000 13.68660000 12.50510000
Se 20.41130000 13.76600000 10.83550000
Se 20.43250000 13.76850000 14.12380000
W 19.42590000 15.37400000 12.48220000
Se 23.23840000 15.44350000 10.81910000
Se 23.25400000 15.44320000 14.10730000
W 22.25600000 17.05380000 12.46620000
Se 26.06710000 17.11570000 10.80770000
Se 26.07850000 17.11420000 14.09580000
W 25.08840000 18.72920000 12.45480000
Se 28.89590000 18.78600000 10.79970000
Se 28.90390000 18.78420000 14.08780000
W 27.92120000 20.40310000 12.44650000
Se 31.72370000 20.45730000 10.79450000
Se 31.72830000 20.45540000 14.08260000
W 30.75280000 22.07800000 12.44090000
Se 34.54930000 22.13250000 10.79250000
Se 34.54990000 22.13030000 14.08060000
W 33.58170000 23.75650000 12.43840000
Se 37.37120000 23.81420000 10.79450000
Se 37.36730000 23.81120000 14.08260000
W 36.40640000 25.44120000 12.44000000
Se 40.18780000 25.50490000 10.80120000
Se 40.17940000 25.50060000 14.08940000
W 39.22550000 27.13440000 12.44650000
Se 42.99750000 27.20630000 10.81250000
Se 42.98560000 27.20070000 14.10070000
W 42.03770000 28.83800000 12.45770000
Se 45.79930000 28.91870000 10.82640000
Se 45.78640000 28.91240000 14.11480000
W 44.84240000 30.55240000 12.47160000
Se 48.59360000 30.64040000 10.83980000
Se 48.58300000 30.63460000 14.12830000
W 47.64020000 32.27610000 12.48500000
Se 51.38260000 32.36800000 10.84920000
Se 51.37680000 32.36390000 14.13780000
W 50.43270000 34.00540000 12.49420000
Se 54.16990000 34.09650000 10.85230000
Se 54.16980000 34.09460000 14.14100000
W 53.22230000 35.73500000 12.49710000
Se 56.95930000 35.82100000 10.84950000
Se 56.96360000 35.82080000 14.13830000
W 56.01200000 37.45940000 12.49400000
Se 59.75390000 37.53700000 10.84320000
Se 59.76000000 37.53740000 14.13200000
W 58.80430000 39.17420000 12.48770000
Se 62.55480000 39.24200000 10.83650000
Se 62.56020000 39.24200000 14.12520000
W 61.60060000 40.87700000 12.48120000
Se 65.36160000 40.93540000 10.83180000
Se 65.36490000 40.93440000 14.12040000
W 64.40150000 42.56770000 12.47680000
Se 68.17290000 42.61810000 10.82960000
Se 68.17400000 42.61620000 14.11820000
W 67.20640000 44.24750000 12.47500000
Se 70.98730000 44.29220000 10.82980000
Se 70.98640000 44.28980000 14.11840000
W 70.01410000 45.91890000 12.47560000
Se 73.80330000 45.96030000 10.83180000
Se 73.80080000 45.95790000 14.12040000
W 72.82360000 47.58430000 12.47780000
Se 76.61980000 47.62510000 10.83510000
Se 76.61540000 47.62290000 14.12380000
W 75.63330000 49.24660000 12.48120000
Se 79.43580000 49.28940000 10.84040000
Se 79.42860000 49.28730000 14.12920000
W 78.44190000 50.90810000 12.48630000
Se 82.25020000 50.95600000 10.84910000
Se 82.23830000 50.95370000 14.13790000
W 81.24800000 52.57170000 12.49430000
Se 85.06150000 52.62800000 10.86330000
Se 85.04260000 52.62510000 14.15210000
W 84.05020000 54.24070000 12.50720000
Se 87.86790000 54.30930000 10.88580000
Se 87.83950000 54.30530000 14.17460000
W 86.84680000 55.91860000 12.52750000
Se 90.66700000 56.00340000 10.91850000
Se 90.62820000 55.99880000 14.20710000
W 89.63660000 57.60980000 12.55710000
Se 93.45590000 57.71360000 10.96080000
Se 93.40920000 57.70950000 14.24910000
W 92.41870000 59.31770000 12.59550000
Se 96.23320000 59.44130000 11.00770000
Se 96.18450000 59.43980000 14.29570000
W 95.19320000 61.04440000 12.63870000
Se 98.99960000 61.18470000 11.05070000
Se 98.95720000 61.18860000 14.33860000
W 71.03300000 0.00000000 12.75100000
Se 3.77354000 0.17017800 11.09170000
Se 3.79773000 0.16918800 14.37980000
W 2.76570000 1.76631000 12.73970000
Se 6.53340000 1.92703000 11.06010000
Se 6.57246000 1.93433000 14.34810000
W 5.53388000 3.52756000 12.70760000
Se 9.30159000 3.67413000 11.01380000
Se 9.34893000 3.68652000 14.30180000
W 8.30793000 5.27793000 12.66070000
Se 12.08190000 5.40644000 10.96180000
Se 12.12950000 5.42040000 14.25000000
W 11.09120000 7.01251000 12.60800000
Se 14.87530000 7.12169000 10.91320000
Se 14.91670000 7.13432000 14.20160000
W 13.88530000 8.72944000 12.55880000
Se 17.67960000 8.82069000 10.87390000
Se 17.71190000 8.83045000 14.16230000
W 16.69000000 10.43010000 12.51890000
Se 20.49170000 10.50630000 10.84500000
Se 20.51510000 10.51300000 14.13340000
W 19.50330000 12.11760000 12.48980000
Se 23.30870000 12.18200000 10.82510000
Se 23.32510000 12.18650000 14.11340000
W 22.32280000 13.79590000 12.46970000
Se 26.12850000 13.85150000 10.81150000
Se 26.13990000 13.85460000 14.09970000
W 25.14620000 15.46850000 12.45590000
Se 28.94960000 15.51810000 10.80220000
Se 28.95740000 15.52060000 14.09030000
W 27.97160000 17.13830000 12.44640000
Se 31.77080000 17.18480000 10.79590000
Se 31.77560000 17.18690000 14.08400000
W 30.79710000 18.80830000 12.44000000
Se 34.59110000 18.85430000 10.79250000
Se 34.59270000 18.85590000 14.08060000
W 33.62140000 20.48100000 12.43650000
Se 37.40910000 20.52960000 10.79250000
Se 37.40700000 20.53010000 14.08060000
W 36.44290000 22.15890000 12.43650000
Se 40.22350000 22.21310000 10.79680000
Se 40.21710000 22.21200000 14.08490000
W 39.26020000 23.84470000 12.44090000
Se 43.03270000 23.90700000 10.80570000
Se 43.02240000 23.90410000 14.09390000
W 42.07200000 25.54040000 12.45000000
Se 45.83530000 25.61240000 10.81850000
Se 45.82270000 25.60800000 14.10680000
W 44.87750000 27.24740000 12.46300000
Se 48.63110000 27.32850000 10.83270000
Se 48.61900000 27.32370000 14.12120000
W 47.67660000 28.96510000 12.47730000
Se 51.42130000 29.05280000 10.84470000
Se 51.41290000 29.04900000 14.13330000
W 50.47050000 30.69080000 12.48920000
Se 54.20890000 30.78100000 10.85140000
Se 54.20600000 30.77920000 14.14020000
W 53.26130000 32.42010000 12.49570000
Se 56.99780000 32.50810000 10.85170000
Se 57.00030000 32.50840000 14.14050000
W 56.05180000 34.14740000 12.49570000
Se 59.79160000 34.22910000 10.84690000
Se 59.79740000 34.23070000 14.13570000
W 58.84480000 35.86750000 12.49080000
Se 62.59220000 35.94070000 10.83990000
Se 62.59870000 35.94250000 14.12870000
W 61.64230000 37.57710000 12.48390000
Se 65.40010000 37.64110000 10.83370000
Se 65.40510000 37.64230000 14.12230000
W 64.44500000 39.27490000 12.47780000
Se 68.21420000 39.33070000 10.82980000
Se 68.21670000 39.33110000 14.11840000
W 67.25290000 40.96150000 12.47410000
Se 71.03300000 41.01090000 10.82860000
Se 71.03300000 41.01090000 14.11720000
W 70.06510000 42.63880000 12.47310000
Se 73.85490000 42.68430000 10.82960000
Se 73.85270000 42.68430000 14.11820000
W 72.88020000 44.30930000 12.47410000
Se 76.67850000 44.35350000 10.83230000
Se 76.67430000 44.35380000 14.12090000
W 75.69690000 45.97560000 12.47680000
Se 79.50270000 46.02120000 10.83670000
Se 79.49600000 46.02160000 14.12550000
W 78.51380000 47.64030000 12.48110000
Se 82.32640000 47.69040000 10.84380000
Se 82.31590000 47.69040000 14.13260000
W 81.32930000 49.30610000 12.48800000
Se 85.14810000 49.36430000 10.85560000
Se 85.13180000 49.36260000 14.14440000
W 84.14190000 50.97590000 12.49950000
Se 87.96600000 51.04640000 10.87480000
Se 87.94160000 51.04170000 14.16360000
W 86.94980000 52.65330000 12.51810000
Se 90.77750000 52.74030000 10.90420000
Se 90.74340000 52.73160000 14.19290000
W 89.75110000 54.34220000 12.54650000
Se 93.57890000 54.44930000 10.94460000
Se 93.53630000 54.43670000 14.23310000
W 92.54390000 56.04660000 12.58550000
Se 96.36740000 56.17520000 10.99300000
Se 96.32120000 56.16050000 14.28110000
W 95.32750000 57.76920000 12.63230000
Se 99.14200000 57.91710000 11.04180000
Se 99.10010000 57.90350000 14.32970000
W 98.10250000 59.50980000 12.67970000
Se 101.90600000 59.67080000 11.08110000
Se 101.87600000 59.66260000 14.36910000
W 100.87100000 61.26480000 12.71820000
Se 104.66300000 61.43090000 11.10280000
Se 104.65000000 61.43140000 14.39100000
W 5.67844000 0.25071600 12.71820000
Se 9.44065000 0.40656600 11.02340000
Se 9.48717000 0.40301800 14.31130000
W 8.44666000 2.00434000 12.67880000
Se 12.21200000 2.14064000 10.97690000
Se 12.26010000 2.14329000 14.26500000
W 11.22060000 3.74319000 12.62940000
Se 14.99400000 3.85737000 10.93000000
Se 15.03700000 3.86378000 14.21840000
W 14.00280000 5.46413000 12.57920000
Se 17.78630000 5.55701000 10.88950000
Se 17.82030000 5.56505000 14.17800000
W 16.79450000 7.16744000 12.53570000
Se 20.58660000 7.24219000 10.85830000
Se 20.61130000 7.25048000 14.14680000
W 19.59510000 8.85596000 12.50230000
Se 23.39270000 8.91658000 10.83600000
Se 23.40960000 8.92453000 14.12440000
W 22.40290000 10.53360000 12.47850000
Se 26.20260000 10.58390000 10.82040000
Se 26.21380000 10.59140000 14.10870000
W 25.21590000 12.20410000 12.46220000
Se 29.01480000 12.24750000 10.80960000
Se 29.02230000 12.25460000 14.09780000
W 28.03230000 13.87080000 12.45100000
Se 31.82830000 13.91030000 10.80190000
Se 31.83300000 13.91710000 14.09000000
W 30.85030000 15.53670000 12.44330000
Se 34.64190000 15.57520000 10.79680000
Se 34.64410000 15.58130000 14.08490000
W 33.66840000 17.20440000 12.43840000
Se 37.45460000 17.24490000 10.79450000
Se 37.45400000 17.24980000 14.08260000
W 36.48530000 18.87650000 12.43650000
Se 40.26520000 18.92200000 10.79590000
Se 40.26090000 18.92500000 14.08400000
W 39.29940000 20.55550000 12.43840000
Se 43.07220000 20.60890000 10.80190000
Se 43.06400000 20.60960000 14.09000000
W 42.10940000 22.24400000 12.44490000
Se 45.87420000 22.30740000 10.81240000
Se 45.86270000 22.30590000 14.10070000
W 44.91420000 23.94370000 12.45590000
Se 48.67030000 24.01770000 10.82600000
Se 48.65770000 24.01490000 14.11440000
W 47.71350000 25.65510000 12.46980000
Se 51.46090000 25.73820000 10.83960000
Se 51.45030000 25.73540000 14.12810000
W 50.50780000 27.37670000 12.48350000
Se 54.24820000 27.46530000 10.84950000
Se 54.24240000 27.46390000 14.13810000
W 53.29890000 29.10470000 12.49330000
Se 57.03590000 29.19430000 10.85310000
Se 57.03600000 29.19490000 14.14190000
W 56.08930000 30.83390000 12.49680000
Se 59.82780000 30.92010000 10.85070000
Se 59.83260000 30.92230000 14.13950000
W 58.88200000 32.55890000 12.49430000
Se 62.62690000 32.63820000 10.84440000
Se 62.63380000 32.64120000 14.13310000
W 61.67930000 34.27520000 12.48790000
Se 65.43430000 34.34610000 10.83730000
Se 65.44070000 34.34890000 14.12600000
W 64.48250000 35.98050000 12.48090000
Se 68.24960000 36.04320000 10.83210000
Se 68.25360000 36.04550000 14.12070000
W 67.29210000 37.67460000 12.47560000
Se 71.07120000 37.73040000 10.82960000
Se 71.07240000 37.73230000 14.11820000
W 70.10720000 39.35880000 12.47310000
Se 73.89760000 39.40990000 10.82980000
Se 73.89590000 39.41190000 14.11840000
W 72.92680000 41.03520000 12.47310000
Se 76.72690000 41.08430000 10.83210000
Se 76.72290000 41.08670000 14.12070000
W 75.74930000 42.70660000 12.47500000
Se 79.55800000 42.75630000 10.83590000
Se 79.55180000 42.75900000 14.12460000
W 78.57340000 44.37550000 12.47870000
Se 82.38970000 44.42880000 10.84170000
Se 82.38060000 44.43130000 14.13050000
W 81.39750000 46.04450000 12.48440000
Se 85.22060000 46.10500000 10.85070000
Se 85.20740000 46.10580000 14.13950000
W 84.22010000 47.71640000 12.49360000
Se 88.04900000 47.78810000 10.86530000
Se 88.02970000 47.78520000 14.15420000
W 87.03940000 49.39430000 12.50870000
Se 90.87240000 49.48180000 10.88850000
Se 90.84520000 49.47310000 14.17730000
W 89.85300000 51.08190000 12.53270000
Se 93.68730000 51.18930000 10.92260000
Se 93.65200000 51.17330000 14.21120000
W 92.65880000 52.78310000 12.56770000
Se 96.48950000 52.91270000 10.96670000
Se 96.44920000 52.88990000 14.25510000
W 95.45450000 54.50100000 12.61280000
Se 99.27640000 54.65200000 11.01580000
Se 99.23780000 54.62510000 14.30380000
W 98.23940000 56.23680000 12.66270000
Se 102.04900000 56.40390000 11.06060000
Se 102.02000000 56.37770000 14.34860000
W 101.01500000 57.98810000 12.70820000
Se 33.77710000 58.16330000 11.09170000
Se 33.76420000 58.14290000 14.37980000
W 103.78400000 59.74990000 12.73980000
Se 36.53380000 59.92530000 11.10280000
Se 36.53960000 59.91420000 14.39100000
W 11.35690000 0.46774700 12.63840000
Se 15.12160000 0.58748500 10.93830000
Se 15.16320000 0.58365300 14.22680000
W 14.13060000 2.19209000 12.59290000
Se 17.90430000 2.28837000 10.90140000
Se 17.93770000 2.29015000 14.19000000
W 16.91160000 3.89828000 12.55080000
Se 20.69440000 3.97388000 10.87160000
Se 20.71870000 3.97955000 14.16020000
W 19.70050000 5.58845000 12.51670000
Se 23.49020000 5.64762000 10.84930000
Se 23.50660000 5.65579000 14.13780000
W 22.49670000 7.26628000 12.49130000
Se 26.29020000 7.31342000 10.83310000
Se 26.30080000 7.32307000 14.12150000
W 25.29890000 8.93570000 12.47320000
Se 29.09320000 8.97471000 10.82130000
Se 29.10010000 8.98514000 14.10960000
W 28.10550000 10.60020000 12.46050000
Se 31.89820000 10.63450000 10.81240000
Se 31.90270000 10.64520000 14.10070000
W 30.91490000 12.26300000 12.45140000
Se 34.70420000 12.29550000 10.80570000
Se 34.70680000 12.30590000 14.09390000
W 33.72570000 13.92660000 12.44490000
Se 37.51050000 13.96030000 10.80120000
Se 37.51100000 13.96970000 14.08940000
W 36.53650000 15.59370000 12.44090000
Se 40.31590000 15.63160000 10.79970000
Se 40.31350000 15.63940000 14.08780000
W 39.34600000 17.26690000 12.44000000
Se 43.11920000 17.31200000 10.80220000
Se 43.11310000 17.31750000 14.09030000
W 42.15270000 18.94880000 12.44330000
Se 45.91900000 19.00380000 10.80960000
Se 45.90910000 19.00670000 14.09780000
W 44.95550000 20.64160000 12.45140000
Se 48.71410000 20.70810000 10.82130000
Se 48.70160000 20.70880000 14.10960000
W 47.75370000 22.34660000 12.46360000
Se 51.50420000 22.42420000 10.83500000
Se 51.49190000 22.42400000 14.12350000
W 50.54740000 24.06340000 12.47770000
Se 54.29060000 24.14950000 10.84710000
Se 54.28190000 24.14980000 14.13570000
W 53.33780000 25.78920000 12.48990000
Se 57.07640000 25.87970000 10.85400000
Se 57.07350000 25.88150000 14.14280000
W 56.12730000 27.51950000 12.49690000
Se 59.86560000 27.60960000 10.85440000
Se 59.86850000 27.61310000 14.14320000
W 58.91870000 29.24870000 12.49730000
Se 62.66180000 29.33420000 10.84950000
Se 62.66850000 29.33870000 14.13830000
W 61.71460000 30.97150000 12.49250000
Se 65.46720000 31.05000000 10.84230000
Se 65.47460000 31.05460000 14.13100000
W 64.51710000 32.68470000 12.48530000
Se 68.28200000 32.75540000 10.83590000
Se 68.28750000 32.75940000 14.12460000
W 67.32680000 34.38690000 12.47890000
Se 71.10500000 34.45050000 10.83230000
Se 71.10740000 34.45400000 14.12090000
W 70.14340000 36.07870000 12.47500000
Se 73.93420000 36.13710000 10.83180000
Se 73.93330000 36.14050000 14.12040000
W 72.96590000 37.76200000 12.47410000
Se 76.76780000 37.81760000 10.83370000
Se 76.76430000 37.82130000 14.12230000
W 75.79280000 39.43930000 12.47560000
Se 79.60430000 39.49470000 10.83730000
Se 79.59860000 39.49880000 14.12600000
W 78.62270000 41.11330000 12.47890000
Se 82.44230000 41.17130000 10.84230000
Se 82.43470000 41.17540000 14.13100000
W 81.45410000 42.78640000 12.48380000
Se 85.28060000 42.85020000 10.84900000
Se 85.27050000 42.85300000 14.13780000
W 84.28540000 44.46120000 12.49090000
Se 88.11760000 44.53470000 10.85920000
Se 88.10370000 44.53410000 14.14800000
W 87.11490000 46.14070000 12.50210000
Se 90.95130000 46.22800000 10.87530000
Se 90.93180000 46.22140000 14.16410000
W 89.94030000 47.82790000 12.52000000
Se 93.77840000 47.93340000 10.90020000
Se 93.75230000 47.91820000 14.18900000
W 92.75910000 49.52660000 12.54750000
Se 96.59480000 49.65340000 10.93540000
Se 96.56330000 49.62840000 14.22400000
W 95.56840000 51.23980000 12.58590000
Se 99.39630000 51.38870000 10.97870000
Se 99.36390000 51.35490000 14.26690000
W 98.36620000 52.96960000 12.63230000
Se 31.14830000 53.13730000 11.02340000
Se 31.12200000 53.09880000 14.31130000
W 101.15200000 54.71540000 12.67960000
Se 33.91870000 54.89480000 11.06010000
Se 33.90550000 54.85730000 14.34810000
W 17.03590000 0.62253700 12.55910000
Se 20.81040000 0.70080200 10.88020000
Se 20.83260000 0.70019500 14.16890000
W 19.81590000 2.31494000 12.52820000
Se 23.59810000 2.37514000 10.86080000
Se 23.61290000 2.37957000 14.14940000
W 22.60240000 3.99390000 12.50430000
Se 26.38970000 4.04048000 10.84620000
Se 26.39910000 4.04862000 14.13480000
W 25.39470000 5.66325000 12.48660000
Se 29.18430000 5.70037000 10.83500000
Se 29.19030000 5.71107000 14.12350000
W 28.19180000 7.32663000 12.47360000
Se 31.98130000 7.35787000 10.82600000
Se 31.98520000 7.37017000 14.11440000
W 30.99240000 8.98719000 12.46360000
Se 34.77980000 9.01565000 10.81850000
Se 34.78230000 9.02876000 14.10680000
W 33.79530000 10.64770000 12.45590000
Se 37.57910000 10.67630000 10.81250000
Se 37.58020000 10.68940000 14.10070000
W 36.59920000 12.31080000 12.45000000
Se 40.37840000 12.34240000 10.80840000
Se 40.37740000 12.35480000 14.09660000
W 39.40290000 13.97890000 12.44650000
Se 43.17680000 14.01690000 10.80770000
Se 43.17250000 14.02750000 14.09580000
W 42.20500000 15.65490000 12.44640000
Se 45.97300000 15.70220000 10.81150000
Se 45.96460000 15.71050000 14.09970000
W 45.00440000 17.34130000 12.45100000
Se 48.76580000 17.40020000 10.82040000
Se 48.75370000 17.40620000 14.10870000
W 47.80020000 19.03990000 12.46050000
Se 51.55430000 19.11130000 10.83310000
Se 51.54060000 19.11570000 14.12150000
W 50.59210000 20.75150000 12.47360000
Se 54.33900000 20.83390000 10.84620000
Se 54.32730000 20.83800000 14.13480000
W 53.38090000 22.47430000 12.48700000
Se 57.12230000 22.56440000 10.85580000
Se 57.11570000 22.56940000 14.14450000
W 56.16850000 24.20470000 12.49680000
Se 59.90800000 24.29770000 10.85910000
Se 59.90780000 24.30410000 14.14780000
W 58.95760000 25.93730000 12.50030000
Se 62.70020000 26.02860000 10.85600000
Se 62.70540000 26.03590000 14.14480000
W 61.75120000 27.66640000 12.49760000
Se 65.50210000 27.75250000 10.84900000
Se 65.50960000 27.75990000 14.13780000
W 64.55160000 29.38750000 12.49100000
Se 68.31470000 29.46680000 10.84170000
Se 68.32130000 29.47350000 14.13050000
W 67.36000000 31.09830000 12.48380000
Se 71.13720000 31.17080000 10.83670000
Se 71.14090000 31.17640000 14.12550000
W 70.17670000 32.79850000 12.47870000
Se 73.96770000 32.86550000 10.83510000
Se 73.96800000 32.87040000 14.12380000
W 73.00060000 34.48950000 12.47680000
Se 76.80410000 34.55300000 10.83650000
Se 76.80140000 34.55770000 14.12520000
W 75.83050000 36.17360000 12.47780000
Se 79.64440000 36.23610000 10.83990000
Se 79.63960000 36.24080000 14.12870000
W 78.66470000 37.85320000 12.48090000
Se 82.48710000 37.91740000 10.84440000
Se 82.48100000 37.92190000 14.13310000
W 81.50170000 39.53110000 12.48530000
Se 85.33090000 39.59960000 10.84950000
Se 85.32370000 39.60310000 14.13830000
W 84.33990000 41.20960000 12.49100000
Se 88.17450000 41.28570000 10.85600000
Se 88.16560000 41.28650000 14.14480000
W 87.17770000 42.89120000 12.49870000
Se 91.01600000 42.97860000 10.86570000
Se 91.00400000 42.97420000 14.15450000
W 90.01310000 44.57890000 12.51060000
Se 93.85290000 44.68160000 10.88130000
Se 93.83640000 44.66910000 14.17010000
W 92.84350000 46.27570000 12.52950000
Se 96.68150000 46.39720000 10.90540000
Se 96.66010000 46.37420000 14.19400000
W 95.66590000 47.98470000 12.55770000
Se 28.46450000 48.12690000 10.93830000
Se 28.44040000 48.09290000 14.22680000
W 98.47750000 49.70830000 12.59540000
Se 31.26440000 49.87020000 10.97690000
Se 31.24260000 49.82720000 14.26500000
W 22.71520000 0.71650600 12.51330000
Se 26.49670000 0.76485200 10.85580000
Se 26.50430000 0.76808400 14.14450000
W 25.50010000 2.38680000 12.49840000
Se 29.28530000 2.42461000 10.84710000
Se 29.28990000 2.43199000 14.13570000
W 28.28940000 4.05004000 12.48700000
Se 32.07600000 4.08088000 10.83960000
Se 32.07890000 4.09142000 14.12810000
W 31.08230000 5.70942000 12.47770000
Se 34.86810000 5.73639000 10.83270000
Se 34.87000000 5.74922000 14.12120000
W 33.87780000 7.36777000 12.46980000
Se 37.66120000 7.39369000 10.82640000
Se 37.66210000 7.40801000 14.11480000
W 36.67470000 9.02767000 12.46300000
Se 40.45460000 9.05540000 10.82120000
Se 40.45400000 9.07038000 14.10950000
W 39.47210000 10.69170000 12.45770000
Se 43.24760000 10.72430000 10.81820000
Se 43.24420000 10.73910000 14.10640000
W 42.26890000 12.36260000 12.45480000
Se 46.03940000 12.40330000 10.81910000
Se 46.03190000 12.41690000 14.10730000
W 45.06380000 14.04300000 12.45590000
Se 48.82880000 14.09490000 10.82510000
Se 48.81670000 14.10690000 14.11340000
W 47.85600000 15.73560000 12.46220000
Se 51.61470000 15.80040000 10.83600000
Se 51.59940000 15.81100000 14.12440000
W 50.64500000 17.44170000 12.47320000
Se 54.39690000 17.51930000 10.84930000
Se 54.38170000 17.52940000 14.13780000
W 53.43120000 19.16080000 12.48660000
Se 57.17710000 19.24900000 10.86080000
Se 57.16580000 19.25960000 14.14940000
W 56.21590000 20.89030000 12.49840000
Se 59.95850000 20.98480000 10.86680000
Se 59.95390000 20.99650000 14.15550000
W 59.00190000 22.62530000 12.50490000
Se 62.74560000 22.72130000 10.86570000
Se 62.74780000 22.73390000 14.15450000
W 61.79200000 24.36000000 12.50450000
Se 65.54230000 24.45330000 10.85920000
Se 65.54880000 24.46570000 14.14800000
W 64.58910000 26.08900000 12.49870000
Se 68.35080000 26.17710000 10.85070000
Se 68.35810000 26.18820000 14.13950000
W 67.39480000 27.80890000 12.49090000
Se 71.17100000 27.89080000 10.84380000
Se 71.17610000 27.90000000 14.13260000
W 70.21000000 29.51820000 12.48440000
Se 74.00100000 29.59470000 10.84040000
Se 74.00280000 29.60190000 14.12920000
W 73.03390000 31.21770000 12.48110000
Se 76.83850000 31.29020000 10.84060000
Se 76.83710000 31.29610000 14.12930000
W 75.86520000 32.90920000 12.48120000
Se 79.68110000 32.97990000 10.84320000
Se 79.67770000 32.98490000 14.13200000
W 78.70220000 34.59520000 12.48390000
Se 82.52700000 34.66640000 10.84690000
Se 82.52270000 34.67070000 14.13570000
W 81.54320000 36.27820000 12.48790000
Se 85.37460000 36.35240000 10.85070000
Se 85.37020000 36.35540000 14.13950000
W 84.38660000 37.96070000 12.49250000
Se 88.22260000 38.04030000 10.85440000
Se 88.21820000 38.04110000 14.14320000
W 87.23070000 39.64490000 12.49760000
Se 91.06960000 39.73290000 10.85910000
Se 91.06410000 39.72970000 14.14780000
W 90.07370000 41.33350000 12.50450000
Se 93.91340000 41.43320000 10.86680000
Se 93.90550000 41.42330000 14.15550000
W 92.91320000 43.02890000 12.51530000
Se 25.71820000 43.14370000 10.88020000
Se 25.70660000 43.12470000 14.16890000
W 95.74660000 44.73410000 12.53290000
Se 28.54610000 44.86660000 10.90140000
Se 28.53100000 44.83680000 14.19000000
W 28.39420000 0.77070900 12.49680000
Se 32.17810000 0.80339300 10.84950000
Se 32.17970000 0.80909400 14.13810000
W 31.18170000 2.42991000 12.48990000
Se 34.96630000 2.45786000 10.84470000
Se 34.96730000 2.46705000 14.13330000
W 33.97150000 4.08706000 12.48350000
Se 37.75510000 4.11291000 10.83980000
Se 37.75540000 4.12503000 14.12830000
W 36.76270000 5.74473000 12.47730000
Se 40.54400000 5.77112000 10.83520000
Se 40.54300000 5.78558000 14.12360000
W 39.55450000 7.40551000 12.47160000
Se 43.33250000 7.43531000 10.83180000
Se 43.32900000 7.45141000 14.12010000
W 42.34590000 9.07208000 12.46740000
Se 46.12000000 9.10851000 10.83130000
Se 46.11240000 9.12546000 14.11960000
W 45.13600000 10.74740000 12.46620000
Se 48.90570000 10.79370000 10.83550000
Se 48.89280000 10.81080000 14.12380000
W 47.92400000 12.43420000 12.46970000
Se 51.68850000 12.49320000 10.84500000
Se 51.67090000 12.51010000 14.13340000
W 50.70920000 14.13470000 12.47850000
Se 54.46780000 14.20750000 10.85830000
Se 54.44830000 14.22460000 14.14680000
W 53.49190000 15.84960000 12.49130000
Se 57.24430000 15.93500000 10.87160000
Se 57.22730000 15.95310000 14.16020000
W 56.27300000 17.57730000 12.50430000
Se 60.02090000 17.67190000 10.88020000
Se 60.01030000 17.69150000 14.16890000
W 59.05490000 19.31370000 12.51330000
Se 62.80190000 19.41300000 10.88130000
Se 62.79940000 19.43350000 14.17010000
W 61.84050000 21.05310000 12.51530000
Se 65.59190000 21.15260000 10.87530000
Se 65.59600000 21.17280000 14.16410000
W 64.63300000 22.78970000 12.51060000
Se 68.39420000 22.88610000 10.86530000
Se 68.40140000 22.90420000 14.15420000
W 67.43460000 24.51880000 12.50210000
Se 71.20970000 24.61020000 10.85560000
Se 71.21640000 24.62520000 14.14440000
W 70.24650000 26.23780000 12.49360000
Se 74.03710000 26.32410000 10.84910000
Se 74.04100000 26.33550000 14.13790000
W 73.06870000 27.94650000 12.48800000
Se 76.87380000 28.02860000 10.84660000
Se 76.87470000 28.03680000 14.13540000
W 75.89980000 29.64610000 12.48630000
Se 79.71710000 29.72560000 10.84730000
Se 79.71580000 29.73130000 14.13610000
W 78.73800000 31.33890000 12.48770000
Se 82.56450000 31.41780000 10.84950000
Se 82.56260000 31.42150000 14.13830000
W 81.58140000 33.02740000 12.49080000
Se 85.41430000 33.10750000 10.85170000
Se 85.41280000 33.10950000 14.14050000
W 84.42820000 34.71390000 12.49430000
Se 88.26510000 34.79730000 10.85310000
Se 88.26450000 34.79710000 14.14190000
W 87.27660000 36.40070000 12.49730000
Se 91.11530000 36.48970000 10.85400000
Se 91.11520000 36.48630000 14.14280000
W 90.12490000 38.09010000 12.50030000
Se 22.93050000 38.18720000 10.85580000
Se 22.92950000 38.17890000 14.14450000
W 92.97100000 39.78450000 12.50490000
Se 25.77440000 39.89230000 10.86080000
Se 25.77080000 39.87720000 14.14940000
W 34.07240000 0.80589400 12.49330000
Se 37.85670000 0.83379800 10.84920000
Se 37.85600000 0.84085400 14.13780000
W 36.86030000 2.46228000 12.48920000
Se 40.64370000 2.48984000 10.84670000
Se 40.64180000 2.50038000 14.13530000
W 39.64840000 4.12070000 12.48500000
Se 43.42980000 4.15048000 10.84500000
Se 43.42540000 4.16429000 14.13340000
W 42.43580000 5.78386000 12.48140000
Se 46.21470000 5.81883000 10.84530000
Se 46.20600000 5.83554000 14.13370000
W 45.22180000 7.45470000 12.47980000
Se 48.99760000 7.49820000 10.84980000
Se 48.98300000 7.51732000 14.13820000
W 48.00580000 9.13633000 12.48220000
Se 51.77780000 9.19157000 10.85950000
Se 51.75700000 9.21270000 14.14790000
W 50.78720000 10.83150000 12.48980000
Se 54.55430000 10.90060000 10.87390000
Se 54.52970000 10.92370000 14.16230000
W 53.56600000 12.54190000 12.50230000
Se 57.32740000 12.62490000 10.88950000
Se 57.30340000 12.65030000 14.17800000
W 56.34300000 14.26690000 12.51670000
Se 60.09910000 14.36140000 10.90140000
Se 60.08080000 14.38950000 14.19000000
W 59.12030000 16.00360000 12.52820000
Se 62.87340000 16.10560000 10.90540000
Se 62.86420000 16.13560000 14.19400000
W 61.90060000 17.74670000 12.53290000
Se 65.65530000 17.85160000 10.90020000
Se 65.65530000 17.88180000 14.18900000
W 64.68720000 19.49010000 12.52950000
Se 68.44930000 19.59410000 10.88850000
Se 68.45540000 19.62200000 14.17730000
W 67.48310000 21.22830000 12.52000000
Se 71.25750000 21.32880000 10.87480000
Se 71.26560000 21.35230000 14.16360000
W 70.29000000 22.95730000 12.50870000
Se 74.07950000 23.05340000 10.86330000
Se 74.08640000 23.07120000 14.15210000
W 73.10850000 24.67580000 12.49950000
Se 76.91310000 24.76750000 10.85610000
Se 76.91730000 24.77980000 14.14490000
W 75.93750000 26.38410000 12.49430000
Se 79.75500000 26.47250000 10.85300000
Se 79.75700000 26.48000000 14.14180000
W 78.77510000 28.08410000 12.49300000
Se 82.60220000 28.17060000 10.85240000
Se 82.60350000 28.17440000 14.14110000
W 81.61920000 29.77810000 12.49400000
Se 85.45260000 29.86420000 10.85230000
Se 85.45440000 29.86510000 14.14100000
W 84.46760000 31.46860000 12.49570000
Se 88.30440000 31.55580000 10.85140000
Se 88.30740000 31.55410000 14.14020000
W 87.31840000 33.15780000 12.49680000
Se 20.12320000 33.24770000 10.84950000
Se 20.12730000 33.24340000 14.13810000
W 90.16980000 34.84790000 12.49690000
Se 22.97360000 34.94230000 10.84710000
Se 22.97770000 34.93460000 14.13570000
W 39.74970000 0.83772900 12.49420000
Se 43.53550000 0.86972200 10.85390000
Se 43.52970000 0.87826300 14.14250000
W 42.53570000 2.49839000 12.49290000
Se 46.32040000 2.53467000 10.85700000
Se 46.31000000 2.54733000 14.14550000
W 45.31970000 4.16567000 12.49310000
Se 49.10290000 4.20939000 10.86390000
Se 49.08590000 4.22624000 14.15240000
W 48.10130000 5.84284000 12.49660000
Se 51.88210000 5.89735000 10.87610000
Se 51.85770000 5.91836000 14.16460000
W 50.87980000 7.53311000 12.50510000
Se 54.65720000 7.60118000 10.89350000
Se 54.62690000 7.62635000 14.18190000
W 53.65530000 9.23891000 12.51890000
Se 57.42780000 9.32153000 10.91320000
Se 57.39620000 9.35108000 14.20160000
W 56.42860000 10.96080000 12.53570000
Se 60.19540000 11.05650000 10.93000000
Se 60.16840000 11.09060000 14.21840000
W 59.20120000 12.69670000 12.55080000
Se 62.96340000 12.80200000 10.93830000
Se 62.94600000 12.83990000 14.22680000
W 61.97600000 14.44220000 12.55910000
Se 65.73670000 14.55250000 10.93540000
Se 65.73080000 14.59240000 14.22400000
W 64.75600000 16.19130000 12.55770000
Se 68.52060000 16.30260000 10.92260000
Se 68.52440000 16.34110000 14.21120000
W 67.54480000 17.93780000 12.54750000
Se 71.31870000 18.04710000 10.90420000
Se 71.32820000 18.08090000 14.19290000
W 70.34470000 19.67680000 12.53270000
Se 74.13230000 19.78230000 10.88580000
Se 74.14310000 19.80890000 14.17460000
W 73.15720000 21.40540000 12.51810000
Se 76.95970000 21.50660000 10.87130000
Se 76.96890000 21.52490000 14.16010000
W 75.98170000 23.12290000 12.50720000
Se 79.79770000 23.22000000 10.86190000
Se 79.80470000 23.23080000 14.15060000
W 78.81660000 24.83040000 12.50090000
Se 82.64280000 24.92420000 10.85640000
Se 82.64840000 24.92890000 14.14510000
W 81.65930000 26.53010000 12.49820000
Se 85.49200000 26.62160000 10.85280000
Se 85.49760000 26.62190000 14.14140000
W 84.50750000 28.22440000 12.49710000
Se 17.31020000 28.31460000 10.84920000
Se 17.31670000 28.31170000 14.13780000
W 87.35880000 29.91560000 12.49570000
Se 20.16190000 30.00570000 10.84470000
Se 20.16940000 30.00030000 14.13330000
W 45.42570000 0.88085000 12.50210000
Se 49.21700000 0.92729800 10.87350000
Se 49.19770000 0.93827300 14.16210000
W 48.20750000 2.55440000 12.50870000
Se 51.99810000 2.61123000 10.88990000
Se 51.97020000 2.62734000 14.17840000
W 50.98550000 4.24038000 12.52030000
Se 54.77420000 4.31066000 10.91230000
Se 54.73860000 4.33238000 14.20070000
W 53.75960000 5.94185000 12.53760000
Se 57.54450000 6.02725000 10.93810000
Se 57.50550000 6.05504000 14.22640000
W 56.53040000 7.66031000 12.55880000
Se 60.30990000 7.76005000 10.96180000
Se 60.27400000 7.79428000 14.25000000
W 59.29950000 9.39474000 12.57920000
Se 63.07320000 9.50554000 10.97690000
Se 63.04680000 9.54596000 14.26500000
W 62.06930000 11.14140000 12.59290000
Se 65.83880000 11.25870000 10.97870000
Se 65.82570000 11.30370000 14.26690000
W 64.84290000 12.89460000 12.59540000
Se 68.61200000 13.01410000 10.96670000
Se 68.61240000 13.06030000 14.25510000
W 67.62380000 14.64820000 12.58590000
Se 71.39800000 14.76640000 10.94460000
Se 71.40840000 14.80960000 14.23310000
W 70.41510000 16.39640000 12.56770000
Se 74.19990000 16.51120000 10.91850000
Se 74.21530000 16.54710000 14.20710000
W 73.21920000 18.13500000 12.54650000
Se 77.01760000 18.24520000 10.89440000
Se 77.03340000 18.27120000 14.18310000
W 76.03660000 19.86190000 12.52750000
Se 79.84860000 19.96710000 10.87580000
Se 79.86240000 19.98290000 14.16450000
W 78.86590000 21.57720000 12.51350000
Se 82.68900000 21.67760000 10.86280000
Se 82.70050000 21.68480000 14.15150000
W 81.70480000 23.28260000 12.50450000
Se 14.50200000 23.37870000 10.85390000
Se 14.51220000 23.37940000 14.14250000
W 84.55040000 24.98050000 12.49880000
Se 17.35090000 25.07300000 10.84670000
Se 17.36100000 25.06940000 14.13530000
W 51.10010000 0.95402700 12.53050000
Se 54.90020000 1.02903000 10.92450000
Se 54.86090000 1.04253000 14.21290000
W 53.87580000 2.65158000 12.55280000
Se 57.67320000 2.74265000 10.95750000
Se 57.62860000 2.76242000 14.24570000
W 56.64680000 4.36660000 12.58020000
Se 60.43910000 4.47343000 10.98980000
Se 60.39600000 4.50043000 14.27780000
W 59.41440000 6.09898000 12.60800000
Se 63.20030000 6.21835000 11.01380000
Se 63.16590000 6.25315000 14.30180000
W 62.18100000 7.84569000 12.62940000
Se 65.96060000 7.97256000 11.02340000
Se 65.94040000 8.01462000 14.31130000
W 64.94950000 9.60151000 12.63840000
Se 68.72480000 9.73094000 11.01580000
Se 68.72080000 9.77784000 14.30380000
W 67.72300000 11.36030000 12.63230000
Se 71.49850000 11.48860000 10.99300000
Se 71.50880000 11.53600000 14.28110000
W 70.50500000 13.11630000 12.61280000
Se 74.28650000 13.24080000 10.96080000
Se 74.30630000 13.28330000 14.24910000
W 73.29880000 14.86410000 12.58550000
Se 77.09130000 14.98320000 10.92650000
Se 77.11450000 15.01650000 14.21500000
W 76.10620000 16.60030000 12.55710000
Se 79.91160000 16.71300000 10.89650000
Se 79.93390000 16.73490000 14.18510000
W 78.92700000 18.32360000 12.53270000
Se 11.71110000 18.42960000 10.87350000
Se 11.73020000 18.44080000 14.16210000
W 81.75910000 20.03480000 12.51470000
Se 14.55140000 20.13440000 10.85700000
Se 14.56760000 20.13710000 14.14550000
W 56.77290000 1.08019000 12.59380000
Se 60.57710000 1.19578000 11.00660000
Se 60.52940000 1.20959000 14.29450000
W 59.54220000 2.81005000 12.62980000
Se 63.33920000 2.94006000 11.04060000
Se 63.29930000 2.96155000 14.32850000
W 62.30820000 4.55592000 12.66070000
Se 66.09750000 4.69458000 11.06010000
Se 66.07160000 4.72475000 14.34810000
W 65.07390000 6.31285000 12.67880000
Se 68.85600000 6.45425000 11.06060000
Se 68.84770000 6.49243000 14.34860000
W 67.84200000 8.07497000 12.67960000
Se 71.61970000 8.21475000 11.04180000
Se 71.62890000 8.25787000 14.32970000
W 70.61580000 9.83656000 12.66270000
Se 74.39410000 9.97176000 11.00770000
Se 74.41710000 10.01470000 14.29570000
W 73.39880000 11.59220000 12.63230000
Se 77.18400000 11.72050000 10.96580000
Se 77.21440000 11.75760000 14.25400000
W 76.19430000 13.33700000 12.59550000
Se 8.95759000 13.45690000 10.92450000
Se 8.98891000 13.48420000 14.21290000
W 79.00360000 15.06820000 12.55990000
Se 11.77880000 15.17910000 10.88990000
Se 11.80670000 15.19520000 14.17840000
W 62.44540000 1.27197000 12.67900000
Se 66.24240000 1.42280000 11.08090000
Se 66.21340000 1.43475000 14.36880000
W 65.21110000 3.02870000 12.70760000
Se 68.99890000 3.18290000 11.09170000
Se 68.98760000 3.20434000 14.37980000
W 67.97670000 4.79232000 12.71820000
Se 71.75670000 4.94456000 11.08110000
Se 71.76450000 4.97453000 14.36910000
W 70.74480000 6.55735000 12.70820000
Se 74.52070000 6.70422000 11.05070000
Se 74.54530000 6.73905000 14.33860000
W 73.51880000 8.31864000 12.67970000
Se 6.26355000 8.45723000 11.00660000
Se 6.29933000 8.49157000 14.29450000
W 76.30240000 10.07080000 12.63870000
Se 9.05513000 10.19860000 10.95750000
Se 9.09453000 10.22740000 14.24570000
W 68.12050000 1.51201000 12.73970000
Se 71.90230000 1.67654000 11.10280000
Se 71.90900000 1.68715000 14.39100000
W 70.88610000 3.27855000 12.73980000
Se 3.62750000 3.43740000 11.08090000
Se 3.65235000 3.45656000 14.36880000
W 73.65430000 5.04332000 12.71820000
Se 6.39305000 5.19297000 11.04060000
Se 6.43166000 5.21685000 14.32850000
