W 35.36960000 58.23780000 5.73926000
Se 39.16890000 58.05980000 4.11020000
Se 39.14400000 58.07900000 7.39818000
W 38.28220000 59.75010000 5.73933000
Se 42.08900000 59.58210000 4.13099000
Se 42.04990000 59.58940000 7.41890000
W 41.19500000 61.26570000 5.76087000
Se 45.00370000 61.11340000 4.16771000
Se 44.95720000 61.10980000 7.45568000
W 32.32550000 53.44140000 5.79945000
Se 36.11240000 53.25850000 4.14934000
Se 36.10320000 53.30170000 7.43726000
W 35.22830000 54.95900000 5.77083000
Se 39.02880000 54.77740000 4.14041000
Se 39.00420000 54.81220000 7.42830000
W 38.13780000 56.47310000 5.76081000
Se 41.94820000 56.29950000 4.15054000
Se 41.90960000 56.32340000 7.43843000
W 41.05040000 57.98880000 5.77142000
Se 44.86540000 57.82990000 4.17728000
Se 44.81810000 57.84230000 7.46524000
W 43.96320000 59.51210000 5.80024000
Se 47.77670000 59.37310000 4.21402000
Se 47.72850000 59.37580000 7.50219000
W 46.87340000 61.04870000 5.84067000
Se 50.67970000 60.93270000 4.25227000
Se 50.63810000 60.92890000 7.54073000
W 29.32640000 48.62180000 5.88368000
Se 33.09590000 48.45610000 4.22397000
Se 33.09550000 48.50230000 7.51230000
W 32.20650000 50.15600000 5.84677000
Se 35.99230000 49.98040000 4.19791000
Se 35.98200000 50.02780000 7.48603000
W 35.09930000 51.67980000 5.81632000
Se 38.90060000 51.50170000 4.18337000
Se 38.87760000 51.54460000 7.47137000
W 38.00230000 53.19780000 5.79934000
Se 41.81580000 53.02480000 4.18451000
Se 41.78010000 53.05920000 7.47248000
W 40.91190000 54.71530000 5.80007000
Se 44.73250000 54.55470000 4.20126000
Se 44.68750000 54.57850000 7.48928000
W 43.82440000 56.23850000 5.81839000
Se 47.64600000 56.09600000 4.22908000
Se 47.59850000 56.11000000 7.51726000
W 46.73710000 57.77320000 5.84968000
Se 50.55350000 57.65260000 4.26068000
Se 50.51050000 57.65900000 7.54908000
W 49.64710000 59.32430000 5.88615000
Se 53.45430000 59.22620000 4.28905000
Se 53.42090000 59.22800000 7.57764000
W 52.55240000 60.89390000 5.91994000
Se 56.34910000 60.81620000 4.31015000
Se 56.32690000 60.81560000 7.59883000
W 26.38410000 43.76970000 5.94613000
Se 30.13880000 43.63460000 4.29005000
Se 30.13880000 43.66480000 7.57881000
W 29.23950000 45.32510000 5.92135000
Se 33.00790000 45.17530000 4.26785000
Se 33.00410000 45.21380000 7.55650000
W 32.10730000 46.86820000 5.89319000
Se 35.89190000 46.70680000 4.24597000
Se 35.88150000 46.75000000 7.53444000
W 34.98850000 48.40010000 5.86621000
Se 38.78980000 48.23310000 4.22999000
Se 38.77000000 48.27560000 7.51829000
W 37.88230000 49.92420000 5.84676000
Se 41.69790000 49.75880000 4.22505000
Se 41.66740000 49.79590000 7.51325000
W 40.78590000 51.44560000 5.84036000
Se 44.61100000 51.28900000 4.23334000
Se 44.57160000 51.31780000 7.52152000
W 43.69550000 52.97000000 5.84924000
Se 47.52410000 52.82880000 4.25269000
Se 47.48050000 52.84860000 7.54094000
W 46.60770000 54.50390000 5.87109000
Se 50.43320000 54.38210000 4.27744000
Se 50.39180000 54.39470000 7.56581000
W 49.51930000 56.05230000 5.89984000
Se 53.33680000 55.95130000 4.30104000
Se 53.30280000 55.95940000 7.58954000
W 52.42810000 57.61810000 5.92821000
Se 56.23520000 57.53680000 4.31888000
Se 56.21090000 57.54250000 7.60746000
W 55.33240000 59.20150000 5.95082000
Se 59.12940000 59.13680000 4.32960000
Se 59.11460000 59.14130000 7.61823000
W 58.23170000 60.79990000 5.96575000
Se 62.02080000 60.74830000 4.33456000
Se 62.01320000 60.75150000 7.62323000
W 23.48540000 38.89110000 5.97419000
Se 27.23130000 38.78250000 4.32455000
Se 27.22910000 38.79510000 7.61334000
W 26.32400000 40.46330000 5.96372000
Se 30.07950000 40.34360000 4.31494000
Se 30.07540000 40.36380000 7.60377000
W 29.17070000 42.02630000 5.94960000
Se 32.93890000 41.89440000 4.30171000
Se 32.93280000 41.92230000 7.59053000
W 32.02820000 43.57860000 5.93151000
Se 35.81170000 43.43550000 4.28613000
Se 35.80220000 43.46930000 7.57487000
W 34.89860000 45.12000000 5.91136000
Se 38.69870000 44.96930000 4.27193000
Se 38.68340000 45.00520000 7.56053000
W 37.78230000 46.65230000 5.89355000
Se 41.59800000 46.49990000 4.26403000
Se 41.57480000 46.53320000 7.55251000
W 40.67780000 48.17940000 5.88356000
Se 44.50540000 48.03220000 4.26611000
Se 44.47410000 48.05950000 7.55450000
W 43.58200000 49.70690000 5.88528000
Se 47.41560000 49.57120000 4.27836000
Se 47.37910000 49.59120000 7.56672000
W 46.49120000 51.24080000 5.89884000
Se 50.32420000 51.12150000 4.29713000
Se 50.28730000 51.13510000 7.58552000
W 49.40180000 52.78700000 5.92027000
Se 53.22840000 52.68590000 4.31674000
Se 53.19610000 52.69570000 7.60518000
W 52.31110000 54.34900000 5.94331000
Se 56.12780000 54.26590000 4.33223000
Se 56.10320000 54.27420000 7.62072000
W 55.21700000 55.92790000 5.96239000
Se 59.02310000 55.86060000 4.34126000
Se 59.00670000 55.86880000 7.62978000
W 58.11890000 57.52250000 5.97474000
Se 61.91560000 57.46780000 4.34425000
Se 61.90620000 57.47590000 7.63281000
W 61.01660000 59.12960000 5.98064000
Se 64.80640000 59.08440000 4.34333000
Se 64.80180000 59.09180000 7.63194000
W 63.91070000 60.74570000 5.98227000
Se 67.69630000 60.70730000 4.34093000
Se 67.69460000 60.71300000 7.62959000
W 20.61080000 33.99690000 5.98217000
Se 24.35200000 33.90330000 4.33587000
Se 24.34900000 33.90680000 7.62464000
W 23.44110000 35.57910000 5.97870000
Se 27.18890000 35.48050000 4.33427000
Se 27.18370000 35.48780000 7.62306000
W 26.27550000 37.15640000 5.97457000
Se 30.03230000 37.05070000 4.33105000
Se 30.02580000 37.06300000 7.61988000
W 29.11650000 38.72670000 5.96845000
Se 32.88490000 38.61220000 4.32487000
Se 32.87770000 38.63030000 7.61373000
W 31.96660000 40.28810000 5.95907000
Se 35.74910000 40.16410000 4.31540000
Se 35.74090000 40.18760000 7.60425000
W 34.82820000 41.83960000 5.94636000
Se 38.62660000 41.70750000 4.30447000
Se 38.61580000 41.73410000 7.59325000
W 37.70270000 43.38140000 5.93256000
Se 41.51690000 43.24520000 4.29594000
Se 41.50110000 43.27120000 7.58460000
W 40.58970000 44.91610000 5.92200000
Se 44.41740000 44.78140000 4.29397000
Se 44.39510000 44.80340000 7.58252000
W 43.48710000 46.44820000 5.91917000
Se 47.32320000 46.32120000 4.30065000
Se 47.29530000 46.33730000 7.58912000
W 46.39150000 47.98360000 5.92621000
Se 50.22960000 47.86920000 4.31450000
Se 50.19920000 47.87990000 7.60292000
W 49.29900000 49.52810000 5.94145000
Se 53.13290000 49.42930000 4.33114000
Se 53.10430000 49.43660000 7.61955000
W 52.20650000 51.08630000 5.96011000
Se 56.03160000 51.00340000 4.34563000
Se 56.00820000 51.01010000 7.63403000
W 55.11160000 52.66040000 5.97676000
Se 58.92610000 52.59190000 4.35466000
Se 58.90920000 52.59980000 7.64307000
W 58.01330000 54.25010000 5.98780000
Se 61.81740000 54.19330000 4.35751000
Se 61.80670000 54.20300000 7.64595000
W 60.91120000 55.85310000 5.99242000
Se 64.70680000 55.80530000 4.35552000
Se 64.70090000 55.81600000 7.64400000
W 63.80590000 57.46640000 5.99208000
Se 67.59540000 57.42500000 4.35090000
Se 67.59250000 57.43550000 7.63944000
W 66.69820000 59.08650000 5.98915000
Se 70.48380000 59.04930000 4.34571000
Se 70.48280000 59.05850000 7.63430000
W 69.58900000 60.71050000 5.98579000
Se 73.37250000 60.67550000 4.34121000
Se 73.37320000 60.68260000 7.62985000
W 17.74480000 29.09630000 5.98334000
Se 21.48380000 29.00800000 4.33857000
Se 21.48130000 29.00830000 7.62734000
W 20.57280000 30.68250000 5.98224000
Se 24.31610000 30.59410000 4.33960000
Se 24.31130000 30.59630000 7.62837000
W 23.40220000 32.26770000 5.98173000
Se 27.15200000 32.17770000 4.34079000
Se 27.14530000 32.18220000 7.62956000
W 26.23470000 33.85000000 5.98144000
Se 29.99310000 33.75650000 4.34122000
Se 29.98560000 33.76390000 7.63001000
W 29.07250000 35.42740000 5.98034000
Se 32.84160000 35.32820000 4.33950000
Se 32.83430000 35.33930000 7.62833000
W 31.91810000 36.99760000 5.97700000
Se 35.69990000 36.89120000 4.33460000
Se 35.69320000 36.90620000 7.62345000
W 34.77350000 38.55910000 5.97036000
Se 38.56990000 38.44520000 4.32692000
Se 38.56300000 38.46300000 7.61575000
W 37.64070000 40.11100000 5.96096000
Se 41.45240000 39.99150000 4.31896000
Se 41.44320000 40.00980000 7.60773000
W 40.52010000 41.65450000 5.95156000
Se 44.34590000 41.53350000 4.31459000
Se 44.33210000 41.54930000 7.60326000
W 43.41050000 43.19280000 5.94630000
Se 47.24670000 43.07560000 4.31699000
Se 47.22760000 43.08680000 7.60555000
W 46.30920000 44.73100000 5.94853000
Se 50.15010000 44.62280000 4.32667000
Se 50.12700000 44.62900000 7.61512000
W 49.21250000 46.27490000 5.95873000
Se 53.05170000 46.17920000 4.34090000
Se 53.02780000 46.18230000 7.62928000
W 52.11700000 47.82970000 5.97391000
Se 55.94900000 47.74790000 4.35521000
Se 55.92780000 47.75040000 7.64356000
W 55.01980000 49.39880000 5.98925000
Se 58.84160000 49.32990000 4.36565000
Se 58.82520000 49.33440000 7.65397000
W 57.91940000 50.98280000 6.00055000
Se 61.73040000 50.92500000 4.37030000
Se 61.71910000 50.93250000 7.65862000
W 60.81540000 52.58070000 6.00583000
Se 64.61660000 52.53130000 4.36941000
Se 64.60970000 52.54170000 7.65776000
W 63.70830000 54.18980000 6.00547000
Se 67.50170000 54.14620000 4.36461000
Se 67.49780000 54.15850000 7.65301000
W 66.59880000 55.80700000 6.00133000
Se 70.38650000 55.76720000 4.35786000
Se 70.38460000 55.78000000 7.64632000
W 69.48800000 57.42930000 5.99556000
Se 73.27190000 57.39140000 4.35070000
Se 73.27160000 57.40350000 7.63921000
W 72.37680000 59.05410000 5.98983000
Se 76.15830000 59.01600000 4.34376000
Se 76.16020000 59.02660000 7.63231000
W 75.26620000 60.67870000 5.98486000
Se 79.04620000 60.63810000 4.33657000
Se 79.05200000 60.64670000 7.62516000
W 14.87500000 24.19670000 5.98025000
Se 18.61450000 24.10750000 4.33792000
Se 18.61190000 24.10460000 7.62666000
W 17.70580000 25.78140000 5.98199000
Se 21.44710000 25.69560000 4.34079000
Se 21.44280000 25.69540000 7.62956000
W 20.53530000 27.36900000 5.98330000
Se 24.28080000 27.28570000 4.34338000
Se 24.27500000 27.28730000 7.63215000
W 23.36550000 28.95750000 5.98480000
Se 27.11730000 28.87520000 4.34594000
Se 27.11030000 28.87820000 7.63469000
W 26.19810000 30.54490000 5.98657000
Se 29.95810000 30.46180000 4.34801000
Se 29.95070000 30.46640000 7.63675000
W 29.03510000 32.12890000 5.98807000
Se 32.80480000 32.04290000 4.34857000
Se 32.79820000 32.04960000 7.63732000
W 31.87830000 33.70750000 5.98815000
Se 35.65960000 33.61640000 4.34641000
Se 35.65440000 33.62560000 7.63520000
W 34.73000000 35.27860000 5.98547000
Se 38.52450000 35.18090000 4.34116000
Se 38.52060000 35.19230000 7.62998000
W 37.59200000 36.84060000 5.97959000
Se 41.40080000 36.73660000 4.33414000
Se 41.39650000 36.74890000 7.62294000
W 40.46520000 38.39350000 5.97186000
Se 44.28820000 38.28560000 4.32844000
Se 44.28120000 38.29640000 7.61716000
W 43.34940000 39.93920000 5.96554000
Se 47.18400000 39.83160000 4.32757000
Se 47.17250000 39.83880000 7.61620000
W 46.24250000 41.48160000 5.96434000
Se 50.08410000 41.37930000 4.33352000
Se 50.06790000 41.38200000 7.62203000
W 49.14140000 43.02610000 5.97032000
Se 52.98380000 42.93330000 4.34530000
Se 52.96490000 42.93250000 7.63370000
W 52.04240000 44.57830000 5.98240000
Se 55.87970000 44.49720000 4.35942000
Se 55.86120000 44.49530000 7.64774000
W 54.94240000 46.14240000 5.99688000
Se 58.77050000 46.07320000 4.37174000
Se 58.75490000 46.07290000 7.65999000
W 57.83930000 47.72050000 6.00937000
Se 61.65640000 47.66180000 4.37932000
Se 61.64500000 47.66490000 7.66754000
W 60.73240000 49.31230000 6.01686000
Se 64.53880000 49.26180000 4.38127000
Se 64.53130000 49.26890000 7.66950000
W 63.62200000 50.91620000 6.01854000
Se 67.41920000 50.87120000 4.37837000
Se 67.41470000 50.88190000 7.66664000
W 66.50890000 52.52920000 6.01540000
Se 70.29880000 52.48760000 4.37220000
Se 70.29630000 52.50080000 7.66052000
W 69.39430000 54.14860000 6.00923000
Se 73.17860000 54.10840000 4.36427000
Se 73.17770000 54.12270000 7.65264000
W 72.27920000 55.77170000 6.00176000
Se 76.05950000 55.73080000 4.35546000
Se 76.06050000 55.74530000 7.64387000
W 75.16490000 57.39570000 5.99405000
Se 78.94190000 57.35210000 4.34563000
Se 78.94640000 57.36590000 7.63409000
W 78.05220000 59.01800000 5.98614000
Se 81.82650000 58.96910000 4.33352000
Se 81.83690000 58.98170000 7.62203000
W 80.94220000 60.63550000 5.97691000
Se 84.71420000 60.57810000 4.31699000
Se 84.73350000 60.58910000 7.60555000
W 11.98760000 19.30640000 5.96434000
Se 15.73260000 19.21190000 4.32844000
Se 15.72680000 19.20040000 7.61716000
W 14.82750000 20.88340000 5.97452000
Se 18.57040000 20.79520000 4.33727000
Se 18.56490000 20.78970000 7.62603000
W 17.66260000 22.46770000 5.98084000
Se 21.40670000 22.38520000 4.34299000
Se 21.40110000 22.38340000 7.63177000
W 20.49550000 24.05700000 5.98501000
Se 24.24350000 23.97900000 4.34709000
Se 24.23740000 23.97940000 7.63585000
W 23.32830000 25.64890000 5.98823000
Se 27.08220000 25.57390000 4.35039000
Se 27.07570000 25.57570000 7.63911000
W 26.16280000 27.24120000 5.99113000
Se 29.92420000 27.16750000 4.35302000
Se 29.91780000 27.17030000 7.64171000
W 29.00060000 28.83170000 5.99371000
Se 32.77100000 28.75700000 4.35442000
Se 32.76550000 28.76100000 7.64310000
W 31.84350000 30.41810000 5.99526000
Se 35.62440000 30.34000000 4.35360000
Se 35.62070000 30.34560000 7.64231000
W 34.69350000 31.99820000 5.99466000
Se 38.48630000 31.91450000 4.34985000
Se 38.48450000 31.92170000 7.63861000
W 37.55220000 33.56990000 5.99103000
Se 41.35820000 33.47960000 4.34367000
Se 41.35730000 33.48780000 7.63246000
W 40.42100000 35.13230000 5.98478000
Se 44.24050000 35.03640000 4.33727000
Se 44.23840000 35.04390000 7.62603000
W 43.30010000 36.68600000 5.97812000
Se 47.13190000 36.58750000 4.33397000
Se 47.12630000 36.59220000 7.62266000
W 46.18830000 38.23380000 5.97452000
Se 50.02880000 38.13700000 4.33657000
Se 50.01850000 38.13770000 7.62516000
W 49.08300000 39.78020000 5.97691000
Se 52.92670000 39.68960000 4.34563000
Se 52.91250000 39.68660000 7.63409000
W 51.98070000 41.33090000 5.98591000
Se 55.82160000 41.24970000 4.35892000
Se 55.80600000 41.24470000 7.64726000
W 54.87810000 42.89060000 5.99922000
Se 58.71120000 42.82010000 4.37263000
Se 58.69670000 42.81570000 7.66087000
W 57.77250000 44.46260000 6.01284000
Se 61.59500000 44.40220000 4.38321000
Se 61.58360000 44.40070000 7.67138000
W 60.66270000 46.04790000 6.02310000
Se 64.47390000 45.99580000 4.38872000
Se 64.46610000 45.99830000 7.67687000
W 63.54880000 47.64560000 6.02806000
Se 67.34950000 47.59930000 4.38903000
Se 67.34480000 47.60610000 7.67718000
W 66.43140000 49.25340000 6.02768000
Se 70.22340000 49.21050000 4.38514000
Se 70.22080000 49.22090000 7.67333000
W 69.31180000 50.86870000 6.02316000
Se 73.09670000 50.82700000 4.37836000
Se 73.09560000 50.84010000 7.66659000
W 72.19120000 52.48870000 6.01603000
Se 75.97050000 52.44600000 4.36960000
Se 75.97110000 52.46100000 7.65788000
W 75.07100000 54.11090000 6.00743000
Se 78.84550000 54.06500000 4.35892000
Se 78.84900000 54.08110000 7.64726000
W 77.95230000 55.73250000 5.99766000
Se 81.72250000 55.68090000 4.34530000
Se 81.73120000 55.69760000 7.63370000
W 80.83620000 57.35070000 5.98591000
Se 84.60240000 57.29020000 4.32667000
Se 84.61940000 57.30700000 7.61512000
W 83.72400000 58.96200000 5.97032000
Se 87.48670000 58.88910000 4.30065000
Se 87.51460000 58.90520000 7.58912000
W 86.61660000 60.56240000 5.94853000
Se 90.37740000 60.47390000 4.26611000
Se 90.41670000 60.48740000 7.55450000
W 9.06413000 14.43680000 5.91917000
Se 12.82310000 14.33210000 4.29594000
Se 12.80850000 14.30540000 7.58460000
W 11.92170000 15.99820000 5.94630000
Se 15.67320000 15.90310000 4.31896000
Se 15.66190000 15.88590000 7.60773000
W 14.77000000 17.57210000 5.96554000
Se 18.51770000 17.48580000 4.33414000
Se 18.50930000 17.47600000 7.62294000
W 17.61200000 19.15600000 5.97812000
Se 21.35970000 19.07740000 4.34367000
Se 21.35310000 19.07250000 7.63246000
W 20.45050000 20.74690000 5.98609000
Se 24.20120000 20.67460000 4.34971000
Se 24.19540000 20.67280000 7.63846000
W 23.28780000 22.34220000 5.99134000
Se 27.04370000 22.27440000 4.35381000
Se 27.03830000 22.27440000 7.64250000
W 26.12570000 23.93930000 5.99516000
Se 29.88860000 23.87410000 4.35670000
Se 29.88360000 23.87530000 7.64535000
W 28.96600000 25.53590000 5.99814000
Se 32.73710000 25.47090000 4.35835000
Se 32.73310000 25.47320000 7.64697000
W 31.81030000 27.12950000 6.00013000
Se 35.59080000 27.06240000 4.35810000
Se 35.58850000 27.06590000 7.64674000
W 34.66020000 28.71790000 6.00037000
Se 38.45150000 28.64600000 4.35522000
Se 38.45120000 28.65090000 7.64392000
W 37.51740000 30.29870000 5.99796000
Se 41.32060000 30.22030000 4.34971000
Se 41.32200000 30.22620000 7.63846000
W 40.38330000 31.87030000 5.99276000
Se 44.19930000 31.78510000 4.34299000
Se 44.20050000 31.79080000 7.63177000
W 43.25860000 33.43230000 5.98609000
Se 47.08690000 33.34200000 4.33792000
Se 47.08570000 33.34580000 7.62666000
W 46.14280000 34.98630000 5.98084000
Se 49.98100000 34.89450000 4.33761000
Se 49.97550000 34.89480000 7.62628000
W 49.03390000 36.53590000 5.98025000
Se 52.87750000 36.44700000 4.34376000
Se 52.86740000 36.44340000 7.63231000
W 51.92880000 38.08620000 5.98614000
Se 55.77200000 38.00400000 4.35546000
Se 55.75900000 37.99770000 7.64387000
W 54.82410000 39.64240000 5.99766000
Se 58.66120000 39.56930000 4.36960000
Se 58.64790000 39.56240000 7.65788000
W 57.71670000 41.20870000 6.01163000
Se 61.54390000 41.14520000 4.38244000
Se 61.53270000 41.14000000 7.67062000
W 60.60490000 42.78720000 6.02423000
Se 64.42040000 42.73220000 4.39127000
Se 64.41240000 42.73030000 7.67937000
W 63.48810000 44.37810000 6.03262000
Se 67.29210000 44.32950000 4.39505000
Se 67.28730000 44.33160000 7.68312000
W 66.36680000 45.97970000 6.03577000
Se 70.16060000 45.93510000 4.39418000
Se 70.15840000 45.94120000 7.68227000
W 69.24220000 47.58980000 6.03419000
Se 73.02750000 47.54670000 4.38969000
Se 73.02700000 47.55610000 7.67781000
W 72.11570000 49.20560000 6.02904000
Se 75.89390000 49.16160000 4.38244000
Se 75.89490000 49.17390000 7.67062000
W 74.98860000 50.82470000 6.02138000
Se 78.76070000 50.77730000 4.37263000
Se 78.76410000 50.79210000 7.66087000
W 77.86240000 52.44430000 6.01163000
Se 81.62890000 52.39090000 4.35942000
Se 81.63650000 52.40790000 7.64774000
W 80.73830000 54.06170000 5.99922000
Se 84.49950000 53.99910000 4.34090000
Se 84.51410000 54.01820000 7.62928000
W 83.61780000 55.67360000 5.98240000
Se 87.37420000 55.59800000 4.31450000
Se 87.39860000 55.61900000 7.60292000
W 86.50200000 57.27600000 5.95873000
Se 90.25510000 57.18400000 4.27836000
Se 90.29070000 57.20570000 7.56672000
W 89.39230000 58.86480000 5.92621000
Se 93.14510000 58.75400000 4.23334000
Se 93.18970000 58.77370000 7.52152000
W 92.28940000 60.43620000 5.88528000
Se 96.04590000 60.30680000 4.18451000
Se 96.09360000 60.32060000 7.47248000
W 6.08692000 9.59884000 5.84036000
Se 9.86706000 9.47640000 4.22999000
Se 9.84011000 9.43799000 7.51829000
W 8.96950000 11.13830000 5.88356000
Se 12.73900000 11.02940000 4.27193000
Se 12.71570000 10.99820000 7.56053000
W 11.83970000 12.69370000 5.92200000
Se 15.59990000 12.59780000 4.30447000
Se 15.58240000 12.57520000 7.59325000
W 14.69910000 14.26420000 5.95156000
Se 18.45360000 14.17990000 4.32692000
Se 18.44160000 14.16500000 7.61575000
W 17.55070000 15.84720000 5.97186000
Se 21.30320000 15.77280000 4.34116000
Se 21.29530000 15.76360000 7.62998000
W 20.39710000 17.43950000 5.98478000
Se 24.15110000 17.37290000 4.34985000
Se 24.14570000 17.36770000 7.63861000
W 23.24090000 19.03780000 5.99276000
Se 26.99910000 18.97690000 4.35522000
Se 26.99500000 18.97420000 7.64392000
W 26.08410000 20.63940000 5.99783000
Se 29.84840000 20.58200000 4.35866000
Se 29.84510000 20.58100000 7.64729000
W 28.92850000 22.24150000 6.00125000
Se 32.70020000 22.18530000 4.36062000
Se 32.69770000 22.18570000 7.64921000
W 31.77560000 23.84180000 6.00342000
Se 35.55580000 23.78410000 4.36083000
Se 35.55470000 23.78600000 7.64942000
W 34.62690000 25.43770000 6.00401000
Se 38.41680000 25.37590000 4.35866000
Se 38.41770000 25.37930000 7.64729000
W 37.48410000 27.02690000 6.00228000
Se 41.28480000 26.95870000 4.35381000
Se 41.28760000 26.96340000 7.64250000
W 40.34870000 28.60720000 5.99783000
Se 44.16120000 28.53150000 4.34709000
Se 44.16460000 28.53650000 7.63585000
W 43.22150000 30.17750000 5.99134000
Se 47.04610000 30.09490000 4.34079000
Se 47.04800000 30.09860000 7.62956000
W 46.10270000 31.73830000 5.98501000
Se 49.93790000 31.65130000 4.33801000
Se 49.93610000 31.65220000 7.62674000
W 48.99100000 33.29200000 5.98199000
Se 52.83320000 33.20470000 4.34121000
Se 52.82670000 33.20180000 7.62985000
W 51.88370000 34.84310000 5.98486000
Se 55.72770000 34.75960000 4.35070000
Se 55.71730000 34.75330000 7.63921000
W 54.77750000 36.39680000 5.99405000
Se 58.61750000 36.32040000 4.36427000
Se 58.60550000 36.31240000 7.65264000
W 57.66910000 37.95800000 6.00743000
Se 61.50030000 37.89010000 4.37836000
Se 61.48940000 37.88260000 7.66659000
W 60.55620000 39.52970000 6.02138000
Se 64.37570000 39.47040000 4.38969000
Se 64.36770000 39.46520000 7.67781000
W 63.43770000 41.11330000 6.03255000
Se 67.24480000 41.06100000 4.39647000
Se 67.24020000 41.05910000 7.68453000
W 66.31360000 42.70810000 6.03906000
Se 70.10920000 42.66050000 4.39849000
Se 70.10760000 42.66210000 7.68652000
W 69.18490000 44.31200000 6.04069000
Se 72.97050000 44.26660000 4.39647000
Se 72.97110000 44.27150000 7.68453000
W 72.05300000 45.92270000 6.03820000
Se 75.83000000 45.87700000 4.39127000
Se 75.83240000 45.88480000 7.67937000
W 74.91940000 47.53750000 6.03255000
Se 78.68900000 47.48890000 4.38321000
Se 78.69330000 47.49950000 7.67138000
W 77.78540000 49.15380000 6.02423000
Se 81.54840000 49.09950000 4.37174000
Se 81.55590000 49.11310000 7.65999000
W 80.65260000 50.76900000 6.01284000
Se 84.40940000 50.70560000 4.35521000
Se 84.42220000 50.72270000 7.64356000
W 83.52230000 52.38010000 5.99688000
Se 87.27360000 52.30370000 4.33114000
Se 87.29430000 52.32480000 7.61955000
W 86.39630000 53.98330000 5.97391000
Se 90.14340000 53.89000000 4.29713000
Se 90.17370000 53.91520000 7.58552000
W 89.27610000 55.57450000 5.94145000
Se 93.02210000 55.46140000 4.25269000
Se 93.06100000 55.48910000 7.54094000
W 92.16330000 57.14980000 5.89884000
Se 95.91250000 57.01600000 4.20126000
Se 95.95560000 57.04300000 7.48928000
W 95.05870000 58.70630000 5.84924000
Se 98.81580000 58.55480000 4.15054000
Se 98.85580000 58.57630000 7.43843000
W 97.96190000 60.24440000 5.80007000
Se 101.73000000 60.08160000 4.11020000
Se 101.75900000 60.09360000 7.39818000
W 3.05700000 4.79176000 5.76081000
Se 6.85357000 4.64501000 4.14934000
Se 6.82085000 4.61543000 7.43726000
W 5.96127000 6.31207000 5.79934000
Se 9.75253000 6.18007000 4.19791000
Se 9.71670000 6.14740000 7.48603000
W 8.85618000 7.84494000 5.84676000
Se 12.63780000 7.72992000 4.24597000
Se 12.60560000 7.69932000 7.53444000
W 11.73980000 9.39431000 5.89355000
Se 15.51090000 9.29611000 4.28613000
Se 15.48640000 9.27095000 7.57487000
W 14.61230000 10.96080000 5.93256000
Se 18.37530000 10.87760000 4.31540000
Se 18.35900000 10.85880000 7.60425000
W 17.47550000 12.54230000 5.96096000
Se 21.23430000 12.47140000 4.33460000
Se 21.22470000 12.45810000 7.62345000
W 20.33210000 14.13530000 5.97959000
Se 24.09050000 14.07390000 4.34641000
Se 24.08520000 14.06490000 7.63520000
W 23.18450000 15.73620000 5.99103000
Se 26.94560000 15.68170000 4.35360000
Se 26.94260000 15.67560000 7.64231000
W 26.03490000 17.34160000 5.99796000
Se 29.80090000 17.29140000 4.35810000
Se 29.79900000 17.28760000 7.64674000
W 28.88500000 18.94870000 6.00228000
Se 32.65750000 18.90020000 4.36083000
Se 32.65640000 18.89830000 7.64942000
W 31.73640000 20.55490000 6.00493000
Se 35.51650000 20.50550000 4.36184000
Se 35.51650000 20.50550000 7.65040000
W 34.59070000 22.15760000 6.00597000
Se 38.37940000 22.10450000 4.36062000
Se 38.38110000 22.10650000 7.64921000
W 37.44940000 23.75440000 6.00493000
Se 41.24780000 23.69510000 4.35670000
Se 41.25130000 23.69880000 7.64535000
W 40.31400000 25.34280000 6.00125000
Se 44.12310000 25.27560000 4.35039000
Se 44.12790000 25.28030000 7.63911000
W 43.18570000 26.92120000 5.99516000
Se 47.00620000 26.84570000 4.34338000
Se 47.01050000 26.85000000 7.63215000
W 46.06490000 28.48900000 5.98823000
Se 49.89630000 28.40690000 4.33857000
Se 49.89780000 28.40890000 7.62734000
W 48.95110000 30.04780000 5.98330000
Se 52.79090000 29.96230000 4.33889000
Se 52.78790000 29.96060000 7.62760000
W 51.84220000 31.60080000 5.98334000
Se 55.68590000 31.51610000 4.34571000
Se 55.67840000 31.51060000 7.63430000
W 54.73520000 33.15310000 5.98983000
Se 58.57700000 33.07290000 4.35786000
Se 58.56680000 33.06490000 7.64632000
W 57.62670000 34.70980000 6.00176000
Se 61.46100000 34.63670000 4.37220000
Se 61.45090000 34.62800000 7.66052000
W 60.51380000 36.27510000 6.01603000
Se 64.33680000 36.20990000 4.38514000
Se 64.32910000 36.20250000 7.67333000
W 63.39480000 37.85120000 6.02904000
Se 67.20480000 37.79340000 4.39418000
Se 67.20060000 37.78830000 7.68227000
W 66.26930000 39.43840000 6.03820000
Se 70.06640000 39.38610000 4.39849000
Se 70.06580000 39.38390000 7.68652000
W 69.13790000 41.03540000 6.04259000
Se 72.92350000 40.98630000 4.39849000
Se 72.92560000 40.98680000 7.68652000
W 72.00180000 42.63990000 6.04259000
Se 75.77740000 42.59140000 4.39505000
Se 75.78170000 42.59440000 7.68312000
W 74.86250000 44.24950000 6.03906000
Se 78.62960000 44.19890000 4.38872000
Se 78.63570000 44.20440000 7.67687000
W 77.72150000 45.86150000 6.03262000
Se 81.48110000 45.80590000 4.37932000
Se 81.48950000 45.81420000 7.66754000
W 80.58030000 47.47340000 6.02310000
Se 84.33320000 47.40950000 4.36565000
Se 84.34530000 47.42150000 7.65397000
W 83.44050000 49.08220000 6.00937000
Se 87.18740000 49.00630000 4.34563000
Se 87.20500000 49.02320000 7.63403000
W 86.30370000 50.68490000 5.98925000
Se 90.04620000 50.59270000 4.31674000
Se 90.07080000 50.61580000 7.60518000
W 89.17180000 52.27750000 5.96011000
Se 92.91270000 52.16530000 4.27744000
Se 92.94430000 52.19490000 7.56581000
W 92.04700000 53.85610000 5.92027000
Se 95.79060000 53.72210000 4.22908000
Se 95.82640000 53.75630000 7.51726000
W 94.93090000 55.41740000 5.87109000
Se 98.68240000 55.26320000 4.17728000
Se 98.71680000 55.29800000 7.46524000
W 97.82470000 56.96050000 5.81839000
Se 101.58800000 56.79160000 4.13099000
Se 101.61400000 56.82180000 7.41890000
W 100.72800000 58.48770000 5.77142000
Se 104.50400000 58.31210000 4.09926000
Se 104.51500000 58.33350000 7.38731000
W 103.63700000 60.00440000 5.73933000
Se 36.39250000 59.82930000 4.08808000
Se 36.38580000 59.83990000 7.37622000
W 71.03300000 0.00000000 5.72802000
Se 39.31420000 61.34720000 4.09926000
Se 39.29010000 61.34620000 7.38731000
W 2.91274000 1.51208000 5.73926000
Se 6.71525000 1.35369000 4.13049000
Se 6.67806000 1.34176000 7.41842000
W 5.82293000 3.02908000 5.77083000
Se 9.62395000 2.88651000 4.17522000
Se 9.58135000 2.86650000 7.46324000
W 8.72733000 4.55694000 5.81632000
Se 12.52090000 4.43385000 4.22397000
Se 12.48100000 4.41037000 7.51230000
W 11.62300000 6.10088000 5.86621000
Se 15.40610000 5.99808000 4.26785000
Se 15.37470000 5.97546000 7.55650000
W 14.50860000 7.66310000 5.91136000
Se 18.28200000 7.57870000 4.30171000
Se 18.26080000 7.55944000 7.59053000
W 17.38480000 9.24234000 5.94636000
Se 21.15150000 9.17308000 4.32487000
Se 21.13930000 9.15778000 7.61373000
W 20.25310000 10.83520000 5.97036000
Se 24.01710000 10.77760000 4.33950000
Se 24.01120000 10.76570000 7.62833000
W 23.11590000 12.43780000 5.98547000
Se 26.88060000 12.38830000 4.34857000
Se 26.87820000 12.37930000 7.63732000
W 25.97500000 14.04630000 5.99466000
Se 29.74320000 14.00210000 4.35442000
Se 29.74250000 13.99530000 7.64310000
W 28.83250000 15.65760000 6.00037000
Se 32.60600000 15.61570000 4.35835000
Se 32.60600000 15.61110000 7.64697000
W 31.68980000 17.26890000 6.00401000
Se 35.46990000 17.22660000 4.36062000
Se 35.47080000 17.22420000 7.64921000
W 34.54860000 18.87760000 6.00597000
Se 38.33620000 18.83210000 4.36083000
Se 38.33840000 18.83210000 7.64942000
W 37.41020000 20.48120000 6.00597000
Se 41.20640000 20.42970000 4.35835000
Se 41.21040000 20.43210000 7.64697000
W 40.27630000 22.07710000 6.00342000
Se 44.08210000 22.01760000 4.35302000
Se 44.08780000 22.02170000 7.64171000
W 43.14820000 23.66320000 5.99814000
Se 46.96450000 23.59450000 4.34594000
Se 46.97060000 23.59900000 7.63469000
W 46.02670000 25.23820000 5.99113000
Se 49.85370000 25.16100000 4.33960000
Se 49.85810000 25.16400000 7.62837000
W 48.91170000 26.80250000 5.98480000
Se 52.74800000 26.71930000 4.33716000
Se 52.74850000 26.71910000 7.62591000
W 51.80190000 28.35860000 5.98224000
Se 55.64380000 28.27300000 4.34093000
Se 55.63970000 28.26870000 7.62959000
W 54.69470000 29.91060000 5.98579000
Se 58.53690000 29.82680000 4.35090000
Se 58.52920000 29.81910000 7.63944000
W 57.58680000 31.46370000 5.99556000
Se 61.42320000 31.38500000 4.36461000
Se 61.41450000 31.37560000 7.65301000
W 60.47480000 33.02290000 6.00923000
Se 64.30070000 32.95110000 4.37837000
Se 64.29370000 32.94190000 7.66664000
W 63.35660000 34.59140000 6.02316000
Se 67.16910000 34.52670000 4.38903000
Se 67.16560000 34.51920000 7.67718000
W 66.23100000 36.17060000 6.03419000
Se 70.02950000 36.11190000 4.39505000
Se 70.03000000 36.10670000 7.68312000
W 69.09820000 37.75990000 6.04069000
Se 72.88380000 37.70520000 4.39647000
Se 72.88770000 37.70220000 7.68453000
W 71.95940000 39.35750000 6.04259000
Se 75.73370000 39.30440000 4.39418000
Se 75.74000000 39.30330000 7.68227000
W 74.81590000 40.96090000 6.04069000
Se 78.58050000 40.90670000 4.38903000
Se 78.58870000 40.90750000 7.67718000
W 77.66920000 42.56760000 6.03577000
Se 81.42560000 42.50970000 4.38127000
Se 81.43550000 42.51260000 7.66950000
W 80.52090000 44.17510000 6.02806000
Se 84.27020000 44.11020000 4.37030000
Se 84.28230000 44.11620000 7.65862000
W 83.37250000 45.78080000 6.01686000
Se 87.11590000 45.70540000 4.35466000
Se 87.13120000 45.71600000 7.64307000
W 86.22570000 47.38170000 6.00055000
Se 89.96480000 47.29180000 4.33223000
Se 89.98430000 47.30890000 7.62072000
W 89.08250000 48.97450000 5.97676000
Se 92.81990000 48.86610000 4.30104000
Se 92.84390000 48.89150000 7.58954000
W 91.94510000 50.55560000 5.94331000
Se 95.68490000 50.42580000 4.26068000
Se 95.71190000 50.45990000 7.54908000
W 94.81600000 52.12170000 5.89984000
Se 98.56330000 51.97040000 4.21402000
Se 98.58970000 52.01090000 7.50219000
W 97.69750000 53.67070000 5.84968000
Se 101.45700000 53.50180000 4.16771000
Se 101.47700000 53.54380000 7.45568000
W 100.59000000 55.20350000 5.80024000
Se 33.33120000 55.02400000 4.13049000
Se 33.33950000 55.06220000 7.41842000
W 103.49300000 56.72410000 5.76087000
Se 36.24790000 56.54190000 4.10997000
Se 36.24020000 56.57180000 7.39795000
W 8.58864000 1.27398000 5.79945000
Se 12.39290000 1.14219000 4.21211000
Se 12.34740000 1.13098000 7.50034000
W 11.49340000 2.81359000 5.84677000
Se 15.28850000 2.70433000 4.25505000
Se 15.25100000 2.68957000 7.54360000
W 14.39030000 4.37162000 5.89319000
Se 18.17500000 4.28362000 4.29005000
Se 18.14880000 4.26858000 7.57881000
W 17.27870000 5.94798000 5.93151000
Se 21.05470000 5.87784000 4.31494000
Se 21.03930000 5.86421000 7.60377000
W 20.15920000 7.53980000 5.95907000
Se 23.93000000 7.48343000 4.33105000
Se 23.92260000 7.47161000 7.61988000
W 23.03310000 9.14305000 5.97700000
Se 26.80250000 9.09653000 4.34122000
Se 26.79990000 9.08635000 7.63001000
W 25.90230000 10.75370000 5.98815000
Se 29.67330000 10.71350000 4.34801000
Se 29.67300000 10.70490000 7.63675000
W 28.76840000 12.36820000 5.99526000
Se 32.54320000 12.33140000 4.35302000
Se 32.54400000 12.32440000 7.64171000
W 31.63300000 13.98370000 6.00013000
Se 35.41320000 13.94720000 4.35670000
Se 35.41460000 13.94230000 7.64535000
W 34.49760000 15.59750000 6.00342000
Se 38.28430000 15.55850000 4.35866000
Se 38.28680000 15.55610000 7.64729000
W 37.36370000 17.20710000 6.00493000
Se 41.15780000 17.16260000 4.35810000
Se 41.16200000 17.16290000 7.64674000
W 40.23280000 18.80980000 6.00401000
Se 44.03530000 18.75740000 4.35442000
Se 44.04150000 18.76010000 7.64310000
W 43.10620000 20.40310000 6.00013000
Se 46.91820000 20.34100000 4.34801000
Se 46.92580000 20.34510000 7.63675000
W 45.98520000 21.98530000 5.99371000
Se 49.80720000 21.91330000 4.34079000
Se 49.81440000 21.91680000 7.62956000
W 48.87010000 23.55570000 5.98657000
Se 52.70170000 23.47530000 4.33587000
Se 52.70610000 23.47610000 7.62464000
W 51.76010000 25.11570000 5.98173000
Se 55.59870000 25.03010000 4.33629000
Se 55.59880000 25.02670000 7.62501000
W 54.65330000 26.66850000 5.98217000
Se 58.49420000 26.58180000 4.34333000
Se 58.49010000 26.57410000 7.63194000
W 57.54650000 28.21910000 5.98915000
Se 61.38380000 28.13510000 4.35552000
Se 61.37750000 28.12460000 7.64400000
W 60.43640000 29.77280000 6.00133000
Se 64.26430000 29.69400000 4.36941000
Se 64.25870000 29.68280000 7.65776000
W 63.32000000 31.33380000 6.01540000
Se 67.13470000 31.26140000 4.38127000
Se 67.13220000 31.25130000 7.66950000
W 66.19560000 32.90460000 6.02768000
Se 69.99560000 32.83810000 4.38872000
Se 69.99730000 32.83010000 7.67687000
W 69.06300000 34.48550000 6.03577000
Se 72.84860000 34.42360000 4.39127000
Se 72.85430000 34.41760000 7.67937000
W 71.92290000 36.07520000 6.03906000
Se 75.69590000 36.01580000 4.38969000
Se 75.70430000 36.01150000 7.67781000
W 74.77670000 37.67170000 6.03820000
Se 78.53890000 37.61230000 4.38514000
Se 78.54920000 37.60940000 7.67333000
W 77.62590000 39.27240000 6.03419000
Se 81.37920000 39.21050000 4.37837000
Se 81.39070000 39.20900000 7.66664000
W 80.47200000 40.87480000 6.02768000
Se 84.21810000 40.80750000 4.36941000
Se 84.23060000 40.80830000 7.65776000
W 83.31670000 42.47650000 6.01854000
Se 87.05710000 42.40070000 4.35751000
Se 87.07080000 42.40510000 7.64595000
W 86.16150000 44.07470000 6.00583000
Se 89.89820000 43.98700000 4.34126000
Se 89.91340000 43.99710000 7.62978000
W 89.00840000 45.66680000 5.98780000
Se 92.74380000 45.56330000 4.31888000
Se 92.76080000 45.58140000 7.60746000
W 91.85950000 47.24950000 5.96239000
Se 95.59730000 47.12690000 4.28905000
Se 95.61560000 47.15500000 7.57764000
W 94.71770000 48.81970000 5.92821000
Se 98.46250000 48.67650000 4.25227000
Se 98.47990000 48.71440000 7.54073000
W 97.58580000 50.37500000 5.88615000
Se 30.30920000 50.21270000 4.21211000
Se 30.32220000 50.25770000 7.50034000
W 100.46600000 51.91490000 5.84067000
Se 33.20430000 51.73860000 4.17522000
Se 33.20830000 51.78550000 7.46324000
W 14.26210000 1.08654000 5.88368000
Se 18.05820000 0.99337500 4.28501000
Se 18.02760000 0.98633500 7.57368000
W 17.16060000 2.65962000 5.92135000
Se 20.94680000 2.58624000 4.30895000
Se 20.92770000 2.57816000 7.59772000
W 20.05180000 4.24944000 5.94960000
Se 23.83070000 4.19174000 4.32455000
Se 23.82090000 4.18352000 7.61334000
W 22.93650000 5.85224000 5.96845000
Se 26.71160000 5.80603000 4.33427000
Se 26.70780000 5.79788000 7.62306000
W 25.81580000 7.46388000 5.98034000
Se 29.59030000 7.42543000 4.34079000
Se 29.58980000 7.41744000 7.62956000
W 28.69100000 9.08065000 5.98807000
Se 32.46770000 9.04667000 4.34594000
Se 32.46860000 9.03913000 7.63469000
W 31.56380000 10.69940000 5.99371000
Se 35.34430000 10.66690000 4.35039000
Se 35.34600000 10.66040000 7.63911000
W 34.43530000 12.31740000 5.99814000
Se 38.22100000 12.28330000 4.35381000
Se 38.22370000 12.27870000 7.64250000
W 37.30710000 13.93200000 6.00125000
Se 41.09890000 13.89350000 4.35522000
Se 41.10330000 13.89120000 7.64392000
W 40.18040000 15.54080000 6.00228000
Se 43.97950000 15.49480000 4.35360000
Se 43.98620000 15.49520000 7.64231000
W 43.05690000 17.14090000 6.00037000
Se 46.86410000 17.08510000 4.34857000
Se 46.87320000 17.08760000 7.63732000
W 45.93760000 18.73000000 5.99526000
Se 49.75390000 18.66340000 4.34122000
Se 49.76410000 18.66620000 7.63001000
W 48.82340000 20.30680000 5.98807000
Se 52.64900000 20.22990000 4.33427000
Se 52.65800000 20.23070000 7.62306000
W 51.71420000 21.87150000 5.98144000
Se 55.54760000 21.78670000 4.33121000
Se 55.55310000 21.78350000 7.61996000
W 54.60840000 23.42620000 5.97870000
Se 58.44600000 23.33750000 4.33456000
Se 58.44700000 23.32920000 7.62323000
W 57.50340000 24.97540000 5.98227000
Se 61.33970000 24.88660000 4.34425000
Se 61.33730000 24.87440000 7.63281000
W 60.39570000 26.52440000 5.99208000
Se 64.22460000 26.43870000 4.35751000
Se 64.22150000 26.42470000 7.64595000
W 63.28220000 28.07810000 6.00547000
Se 67.09850000 27.99760000 4.37030000
Se 67.09760000 27.98410000 7.65862000
W 66.16040000 29.64020000 6.01854000
Se 69.96150000 29.56510000 4.37932000
Se 69.96450000 29.55370000 7.66754000
W 69.02930000 31.21210000 6.02806000
Se 72.81510000 31.14170000 4.38321000
Se 72.82210000 31.13260000 7.67138000
W 71.88950000 32.79320000 6.03262000
Se 75.66130000 32.72600000 4.38244000
Se 75.67140000 32.71890000 7.67062000
W 74.74200000 34.38200000 6.03255000
Se 78.50210000 34.31570000 4.37836000
Se 78.51400000 34.31010000 7.66659000
W 77.58850000 35.97600000 6.02904000
Se 81.33920000 35.90840000 4.37220000
Se 81.35180000 35.90400000 7.66052000
W 80.43070000 37.57270000 6.02316000
Se 84.17420000 37.50150000 4.36461000
Se 84.18680000 37.49870000 7.65301000
W 83.27020000 39.16980000 6.01540000
Se 87.00850000 39.09240000 4.35552000
Se 87.02070000 39.09220000 7.64400000
W 86.10860000 40.76490000 6.00547000
Se 89.84380000 40.67840000 4.34425000
Se 89.85550000 40.68250000 7.63281000
W 88.94770000 42.35560000 5.99242000
Se 92.68230000 42.25680000 4.32960000
Se 92.69360000 42.26740000 7.61823000
W 91.78950000 43.93910000 5.97474000
Se 95.52680000 43.82490000 4.31015000
Se 95.53740000 43.84450000 7.59883000
W 94.63680000 45.51280000 5.95082000
Se 27.34770000 45.38080000 4.28501000
Se 27.35690000 45.41080000 7.57368000
W 97.49250000 47.07420000 5.91994000
Se 30.21430000 46.92400000 4.25505000
Se 30.22020000 46.96390000 7.54360000
W 19.93530000 0.96444000 5.94613000
Se 23.72310000 0.90349400 4.32353000
Se 23.71060000 0.90155000 7.61226000
W 22.82880000 2.56564000 5.96372000
Se 26.61060000 2.51737000 4.33121000
Se 26.60500000 2.51429000 7.61996000
W 25.71690000 4.17706000 5.97457000
Se 29.49590000 4.13777000 4.33587000
Se 29.49440000 4.13350000 7.62464000
W 28.60070000 5.79488000 5.98144000
Se 32.37970000 5.76132000 4.33960000
Se 32.38020000 5.75600000 7.62837000
W 31.48130000 7.41582000 5.98657000
Se 35.26250000 7.38498000 4.34338000
Se 35.26400000 7.37916000 7.63215000
W 34.36010000 9.03704000 5.99113000
Se 38.14490000 9.00596000 4.34709000
Se 38.14750000 9.00052000 7.63585000
W 37.23810000 10.65590000 5.99516000
Se 41.02770000 10.62160000 4.34971000
Se 41.03220000 10.61740000 7.63846000
W 40.11670000 12.26980000 5.99783000
Se 43.91210000 12.22910000 4.34985000
Se 43.91930000 12.22700000 7.63861000
W 42.99730000 13.87610000 5.99796000
Se 46.79940000 13.82600000 4.34641000
Se 46.80990000 13.82600000 7.63520000
W 45.88100000 15.47190000 5.99466000
Se 49.69080000 15.41060000 4.33950000
Se 49.70410000 15.41140000 7.62833000
W 48.76890000 17.05520000 5.98815000
Se 52.58720000 16.98230000 4.33105000
Se 52.60110000 16.98170000 7.61988000
W 51.66120000 18.62520000 5.98034000
Se 55.48750000 18.54220000 4.32455000
Se 55.49950000 18.53780000 7.61334000
W 54.55710000 20.18290000 5.97457000
Se 58.38900000 20.09310000 4.32353000
Se 58.39690000 20.08320000 7.61226000
W 57.45450000 21.73190000 5.97419000
Se 61.28730000 21.63910000 4.32960000
Se 61.29090000 21.62410000 7.61823000
W 60.35000000 23.27710000 5.98064000
Se 64.17780000 23.18520000 4.34126000
Se 64.17890000 23.16690000 7.62978000
W 63.24020000 24.82410000 5.99242000
Se 67.05710000 24.73550000 4.35466000
Se 67.05860000 24.71700000 7.64307000
W 66.12210000 26.37740000 6.00583000
Se 69.92420000 26.29340000 4.36565000
Se 69.92860000 26.27690000 7.65397000
W 68.99410000 27.93970000 6.01686000
Se 72.78020000 27.86010000 4.37174000
Se 72.78820000 27.84680000 7.65999000
W 71.85600000 29.51150000 6.02310000
Se 75.62710000 29.43530000 4.37263000
Se 75.63820000 29.42500000 7.66087000
W 74.70880000 31.09180000 6.02423000
Se 78.46740000 31.01740000 4.36960000
Se 78.48000000 31.00940000 7.65788000
W 77.55420000 32.67840000 6.02138000
Se 81.30290000 32.60400000 4.36427000
Se 81.31580000 32.59770000 7.65264000
W 80.39400000 34.26900000 6.01603000
Se 84.13560000 34.19270000 4.35786000
Se 84.14760000 34.18790000 7.64632000
W 83.23000000 35.86130000 6.00923000
Se 86.96680000 35.78100000 4.35090000
Se 86.97740000 35.77820000 7.63944000
W 86.06390000 37.45300000 6.00133000
Se 89.79840000 37.36660000 4.34333000
Se 89.80710000 37.36690000 7.63194000
W 88.89740000 39.04210000 5.99208000
Se 92.63220000 38.94700000 4.33456000
Se 92.63880000 38.95200000 7.62323000
W 91.73250000 40.62610000 5.98064000
Se 24.43740000 40.51990000 4.32353000
Se 24.44200000 40.53160000 7.61226000
W 94.57140000 42.20270000 5.96575000
Se 27.28290000 42.08290000 4.30895000
Se 27.28540000 42.10340000 7.59772000
W 25.60970000 0.89340900 5.97419000
Se 29.39380000 0.85145200 4.33629000
Se 29.39080000 0.85304900 7.62501000
W 28.50000000 2.51103000 5.97870000
Se 32.28210000 2.47567000 4.33716000
Se 32.28160000 2.47529000 7.62591000
W 31.38730000 4.13299000 5.98173000
Se 35.16940000 4.10145000 4.33857000
Se 35.17040000 4.09919000 7.62734000
W 34.27230000 5.75636000 5.98480000
Se 38.05640000 5.72589000 4.34079000
Se 38.05870000 5.72232000 7.62956000
W 37.15630000 7.37848000 5.98823000
Se 40.94350000 7.34615000 4.34299000
Se 40.94780000 7.34221000 7.63177000
W 40.04020000 8.99672000 5.99134000
Se 43.83160000 8.95936000 4.34367000
Se 43.83920000 8.95602000 7.63246000
W 42.92530000 10.60830000 5.99276000
Se 46.72180000 10.56270000 4.34116000
Se 46.73360000 10.56040000 7.62998000
W 45.81280000 12.21030000 5.99103000
Se 49.61530000 12.15380000 4.33460000
Se 49.63160000 12.15210000 7.62345000
W 48.70360000 13.80000000 5.98547000
Se 52.51320000 13.73120000 4.32487000
Se 52.53250000 13.72830000 7.61373000
W 51.59830000 15.37570000 5.97700000
Se 55.41530000 15.29500000 4.31494000
Se 55.43480000 15.28840000 7.60377000
W 54.49660000 16.93750000 5.96845000
Se 58.31990000 16.84730000 4.30895000
Se 58.33640000 16.83480000 7.59772000
W 57.39670000 18.48750000 5.96372000
Se 61.22310000 18.39170000 4.31015000
Se 61.23470000 18.37270000 7.59883000
W 60.29590000 20.03020000 5.96575000
Se 64.12010000 19.93270000 4.31888000
Se 64.12730000 19.90880000 7.60746000
W 63.19070000 21.57120000 5.97474000
Se 67.00650000 21.47510000 4.33223000
Se 67.01160000 21.44970000 7.62072000
W 66.07740000 23.11590000 5.98780000
Se 69.88000000 23.02310000 4.34563000
Se 69.88590000 22.99940000 7.63403000
W 68.95390000 24.66830000 6.00055000
Se 72.74070000 24.57940000 4.35521000
Se 72.74900000 24.55970000 7.64356000
W 71.81920000 26.23010000 6.00937000
Se 75.59040000 26.14460000 4.35942000
Se 75.60130000 26.12960000 7.64774000
W 74.67400000 27.80110000 6.01284000
Se 78.43190000 27.71810000 4.35892000
Se 78.44410000 27.70700000 7.64726000
W 77.51990000 29.37980000 6.01163000
Se 81.26760000 29.29790000 4.35546000
Se 81.27960000 29.28980000 7.64387000
W 80.35890000 30.96400000 6.00743000
Se 84.09950000 30.88180000 4.35070000
Se 84.11010000 30.87600000 7.63921000
W 83.19310000 32.55130000 6.00176000
Se 86.92940000 32.46740000 4.34571000
Se 86.93780000 32.46360000 7.63430000
W 86.02430000 34.13970000 5.99556000
Se 89.75900000 34.05250000 4.34093000
Se 89.76470000 34.05110000 7.62959000
W 88.85430000 35.72720000 5.98915000
Se 21.55700000 35.63490000 4.33629000
Se 21.55990000 35.63670000 7.62501000
W 91.68500000 37.31170000 5.98227000
Se 24.39130000 37.21230000 4.33121000
Se 24.39150000 37.21870000 7.61996000
W 31.28550000 0.85100300 5.98217000
Se 35.06910000 0.81698000 4.33889000
Se 35.06920000 0.82039500 7.62760000
W 34.17480000 2.47534000 5.98224000
Se 37.95840000 2.44328000 4.33801000
Se 37.96000000 2.44434000 7.62674000
W 37.06310000 4.09961000 5.98330000
Se 40.84810000 4.06689000 4.33792000
Se 40.85190000 4.06606000 7.62666000
W 39.95130000 5.72115000 5.98501000
Se 43.73870000 5.68480000 4.33727000
Se 43.74620000 5.68286000 7.62603000
W 42.84040000 7.33718000 5.98609000
Se 46.63100000 7.29392000 4.33414000
Se 46.64370000 7.29151000 7.62294000
W 45.73150000 8.94466000 5.98478000
Se 49.52610000 8.89130000 4.32692000
Se 49.54500000 8.88836000 7.61575000
W 48.62540000 10.54050000 5.97959000
Se 52.42510000 10.47470000 4.31540000
Se 52.44950000 10.47000000 7.60425000
W 51.52290000 12.12210000 5.97036000
Se 55.32870000 12.04330000 4.30171000
Se 55.35590000 12.03460000 7.59053000
W 54.42380000 13.68850000 5.95907000
Se 58.23580000 13.59820000 4.29005000
Se 58.26190000 13.58300000 7.57881000
W 57.32700000 15.24070000 5.94960000
Se 61.14360000 15.14220000 4.28501000
Se 61.16500000 15.11920000 7.57368000
W 60.23010000 16.78230000 5.94613000
Se 64.04750000 16.67960000 4.28905000
Se 64.06260000 16.64980000 7.57764000
W 63.12990000 18.31850000 5.95082000
Se 66.94230000 18.21540000 4.30104000
Se 66.95240000 18.18190000 7.58954000
W 66.02250000 19.85540000 5.96239000
Se 69.82450000 19.75420000 4.31674000
Se 69.83220000 19.72130000 7.60518000
W 68.90490000 21.39780000 5.97676000
Se 72.69260000 21.29980000 4.33114000
Se 72.70050000 21.27130000 7.61955000
W 71.77560000 22.94920000 5.98925000
Se 75.54780000 22.85450000 4.34090000
Se 75.55710000 22.83230000 7.62928000
W 74.63430000 24.51030000 5.99688000
Se 78.39280000 24.41860000 4.34530000
Se 78.40290000 24.40270000 7.63370000
W 77.48260000 26.08050000 5.99922000
Se 81.23040000 25.99100000 4.34563000
Se 81.24020000 25.98030000 7.63409000
W 80.32270000 27.65790000 5.99766000
Se 84.06320000 27.56980000 4.34376000
Se 84.07140000 27.56280000 7.63231000
W 83.15670000 29.24030000 5.99405000
Se 86.89330000 29.15250000 4.34121000
Se 86.89910000 29.14840000 7.62985000
W 85.98700000 30.82560000 5.98983000
Se 18.68950000 30.73720000 4.33889000
Se 18.69240000 30.73540000 7.62760000
W 88.81540000 32.41170000 5.98579000
Se 21.51950000 32.32150000 4.33716000
Se 21.51940000 32.32210000 7.62591000
W 36.96250000 0.81928800 5.98334000
Se 40.74550000 0.78427800 4.33761000
Se 40.74850000 0.78893200 7.62628000
W 39.85280000 2.44298000 5.98199000
Se 43.63620000 2.40529000 4.33397000
Se 43.64310000 2.40775000 7.62266000
W 42.74410000 4.06240000 5.98084000
Se 46.52880000 4.01892000 4.32844000
Se 46.54160000 4.01956000 7.61716000
W 45.63750000 5.67443000 5.97812000
Se 49.42400000 5.62183000 4.31896000
Se 49.44450000 5.62065000 7.60773000
W 48.53360000 7.27573000 5.97186000
Se 52.32300000 7.21105000 4.30447000
Se 52.35140000 7.20714000 7.59325000
W 51.43330000 8.86310000 5.96096000
Se 55.22690000 8.78478000 4.28613000
Se 55.26090000 8.77612000 7.57487000
W 54.33650000 10.43450000 5.94636000
Se 58.13550000 10.34310000 4.26785000
Se 58.17080000 10.32710000 7.55650000
W 57.24250000 11.98980000 5.93151000
Se 61.04680000 11.88800000 4.25505000
Se 61.07830000 11.86300000 7.54360000
W 60.14940000 13.53170000 5.92135000
Se 63.95690000 13.42350000 4.25227000
Se 63.98100000 13.38950000 7.54073000
W 63.05420000 15.06480000 5.91994000
Se 66.86060000 14.95430000 4.26068000
Se 66.87660000 14.91390000 7.54908000
W 65.95320000 16.59500000 5.92821000
Se 69.75320000 16.48540000 4.27744000
Se 69.76290000 16.44320000 7.56581000
W 68.84290000 18.12820000 5.94331000
Se 72.63150000 18.02130000 4.29713000
Se 72.63810000 17.98250000 7.58552000
W 71.72070000 19.66900000 5.96011000
Se 75.49520000 19.56550000 4.31450000
Se 75.50120000 19.53390000 7.60292000
W 74.58580000 21.21980000 5.97391000
Se 78.34650000 21.11990000 4.32667000
Se 78.35260000 21.09670000 7.61512000
W 77.43890000 22.78090000 5.98240000
Se 81.18850000 22.68440000 4.33352000
Se 81.19420000 22.66910000 7.62203000
W 80.28210000 24.35120000 5.98591000
Se 84.02410000 24.25770000 4.33657000
Se 84.02860000 24.24840000 7.62516000
W 83.11800000 25.92860000 5.98614000
Se 15.82290000 25.83760000 4.33761000
Se 15.82550000 25.83270000 7.62628000
W 85.94920000 27.51100000 5.98486000
Se 18.65320000 27.42180000 4.33801000
Se 18.65340000 27.41990000 7.62674000
W 42.64060000 0.78382500 5.98025000
Se 46.41970000 0.73805000 4.32757000
Se 46.43170000 0.74444500 7.61620000
W 45.53380000 2.39928000 5.97452000
Se 49.31260000 2.34500000 4.31459000
Se 49.33320000 2.34899000 7.60326000
W 48.43020000 4.00513000 5.96554000
Se 52.20950000 3.93909000 4.29594000
Se 52.23990000 3.93975000 7.58460000
W 51.33030000 5.59775000 5.95156000
Se 55.11170000 5.51763000 4.27193000
Se 55.15040000 5.51301000 7.56053000
W 54.23450000 7.17418000 5.93256000
Se 58.01980000 7.07966000 4.24597000
Se 58.06240000 7.06711000 7.53444000
W 57.14230000 8.73330000 5.91136000
Se 60.93270000 8.62649000 4.22397000
Se 60.97300000 8.60369000 7.51230000
W 60.05190000 10.27660000 5.89319000
Se 63.84740000 10.16150000 4.21211000
Se 63.87980000 10.12770000 7.50034000
W 62.96100000 11.80810000 5.88368000
Se 66.75910000 11.68920000 4.21402000
Se 66.78090000 11.64620000 7.50219000
W 65.86610000 13.33350000 5.88615000
Se 69.66250000 13.21470000 4.22908000
Se 69.67420000 13.16650000 7.51726000
W 68.76370000 14.85890000 5.89984000
Se 72.55290000 14.74270000 4.25269000
Se 72.55750000 14.69500000 7.54094000
W 71.65030000 16.38980000 5.92027000
Se 75.42830000 16.27750000 4.27836000
Se 75.42930000 16.23590000 7.56672000
W 74.52390000 17.93010000 5.94145000
Se 78.28910000 17.82250000 4.30065000
Se 78.28910000 17.79030000 7.58912000
W 77.38450000 19.48180000 5.95873000
Se 81.13810000 19.37910000 4.31699000
Se 81.13800000 19.35690000 7.60555000
W 80.23360000 21.04470000 5.97032000
Se 12.94580000 20.94670000 4.32757000
Se 12.94540000 20.93310000 7.61620000
W 83.07380000 22.61700000 5.97691000
Se 15.78140000 22.52370000 4.33397000
Se 15.78010000 22.51650000 7.62266000
W 48.31930000 0.72839200 5.96434000
Se 52.08970000 0.65910600 4.29397000
Se 52.11990000 0.66735800 7.58252000
W 51.21740000 2.32542000 5.94630000
Se 54.98760000 2.24147000 4.26403000
Se 55.02810000 2.24499000 7.55251000
W 54.12010000 3.90662000 5.92200000
Se 57.89270000 3.80692000 4.22999000
Se 57.93940000 3.80279000 7.51829000
W 57.02740000 5.46979000 5.89355000
Se 60.80470000 5.35591000 4.19791000
Se 60.85090000 5.34121000 7.48603000
W 59.93800000 7.01538000 5.86621000
Se 63.72130000 6.89133000 4.17522000
Se 63.75990000 6.86444000 7.46324000
W 62.84970000 8.54676000 5.84677000
Se 66.63850000 8.41764000 4.16771000
Se 66.66480000 8.37913000 7.45568000
W 65.75960000 10.06930000 5.84067000
Se 69.55120000 9.93967000 4.17728000
Se 69.56410000 9.89248000 7.46524000
W 68.66440000 11.58890000 5.84968000
Se 72.45410000 11.46220000 4.20126000
Se 72.45590000 11.41130000 7.48928000
W 71.56040000 13.11150000 5.87109000
Se 75.34290000 12.98980000 4.23334000
Se 75.33770000 12.94130000 7.52152000
W 74.44460000 14.64220000 5.89884000
Se 78.21620000 14.52670000 4.26611000
Se 78.20830000 14.48600000 7.55450000
W 77.31530000 16.18440000 5.92621000
Se 10.04250000 16.07580000 4.29397000
Se 10.03450000 16.04560000 7.58252000
W 80.17330000 17.73940000 5.94853000
Se 12.89100000 17.63790000 4.31459000
Se 12.88420000 17.61810000 7.60326000
W 53.99830000 0.63135100 5.91917000
Se 57.75990000 0.52558100 4.22505000
Se 57.80730000 0.53338600 7.51325000
W 56.90220000 2.19865000 5.88356000
Se 60.66800000 2.07660000 4.18337000
Se 60.71670000 2.07509000 7.47137000
W 59.81100000 3.74721000 5.84676000
Se 63.58350000 3.61286000 4.14934000
Se 63.62550000 3.59932000 7.43726000
W 62.72290000 5.27962000 5.81632000
Se 66.50310000 5.13874000 4.13049000
Se 66.53200000 5.11249000 7.41842000
W 65.63540000 6.80099000 5.79945000
Se 69.42200000 6.65908000 4.13099000
Se 69.43520000 6.62161000 7.41890000
W 68.54550000 8.31719000 5.80024000
Se 72.33510000 8.17840000 4.15054000
Se 72.33370000 8.13303000 7.43843000
W 71.44990000 9.83385000 5.81839000
Se 75.23730000 9.70117000 4.18451000
Se 75.22540000 9.65301000 7.47248000
W 74.34490000 11.35640000 5.84924000
Se 7.09171000 11.23200000 4.22505000
Se 7.07479000 11.18710000 7.51325000
W 77.22760000 12.88970000 5.88528000
Se 9.96387000 12.77500000 4.26403000
Se 9.94667000 12.73820000 7.55251000
W 59.67670000 0.47200600 5.84036000
Se 63.44070000 0.32776900 4.14041000
Se 63.48310000 0.33165700 7.42830000
W 62.58600000 2.00657000 5.79934000
Se 66.35920000 1.85382000 4.10997000
Se 66.38910000 1.84555000 7.39795000
W 65.49830000 3.52827000 5.77083000
Se 69.28070000 3.37353000 4.09926000
Se 69.29360000 3.35307000 7.38731000
W 68.41090000 5.04303000 5.76087000
Se 72.20030000 4.89131000 4.11020000
Se 72.19610000 4.86020000 7.39818000
W 71.32100000 6.55626000 5.77142000
Se 4.08003000 6.41128000 4.14041000
Se 4.06216000 6.37256000 7.42830000
W 74.22530000 8.07305000 5.80007000
Se 6.98090000 7.93808000 4.18337000
Se 6.95525000 7.89667000 7.47137000
W 65.35470000 0.25155400 5.76081000
Se 69.13390000 0.08497710 4.08808000
Se 69.14650000 0.08547110 7.37622000
W 68.26710000 1.76647000 5.73926000
Se 1.02314000 1.60217000 4.08808000
Se 1.01730000 1.59107000 7.37622000
W 71.17980000 3.27832000 5.73933000
Se 3.94235000 3.12071000 4.10997000
Se 3.92027000 3.09901000 7.39795000
