C 46.89110000 1.30773000 24.63030000
C 44.04980000 1.39088000 24.57870000
C 44.72390000 0.13961800 24.59310000
C 41.88340000 0.22228800 24.51300000
C 44.79630000 2.60049000 24.59030000
C 41.95550000 2.68281000 24.51020000
C 42.62950000 1.43189000 24.53880000
C 39.78980000 1.51335000 24.43040000
C 40.46360000 0.26252900 24.45880000
C 37.62530000 0.34249900 24.32420000
C 44.86870000 5.06105000 24.55970000
C 42.02760000 5.14279000 24.47840000
C 42.70190000 3.89244000 24.52170000
C 39.86170000 3.97333000 24.41250000
C 40.53580000 2.72304000 24.45580000
C 37.69690000 2.80247000 24.32120000
C 38.37070000 1.55227000 24.36300000
C 35.53310000 1.62929000 24.20940000
C 36.20680000 0.37928200 24.24700000
C 33.37010000 0.45272100 24.08660000
C 42.77410000 6.35233000 24.47600000
C 39.93320000 6.43235000 24.36560000
C 40.60790000 5.18300000 24.42350000
C 37.76830000 5.26163000 24.28770000
C 38.44260000 4.01231000 24.34480000
C 35.60430000 4.08863000 24.19040000
C 36.27830000 2.83934000 24.24390000
C 33.44090000 2.91219000 24.08280000
C 34.11490000 1.66303000 24.12850000
C 31.27740000 1.73137000 23.97710000
C 31.95170000 0.48246400 24.01060000
C 29.11330000 0.54575000 23.88680000
C 42.84560000 8.81105000 24.40260000
C 40.00350000 8.88982000 24.29240000
C 40.67950000 7.64188000 24.36310000
C 37.83860000 7.71937000 24.22710000
C 38.51420000 6.47141000 24.29740000
C 35.67450000 6.54676000 24.14250000
C 36.34970000 5.29872000 24.21010000
C 33.51110000 5.37078000 24.04830000
C 34.18600000 4.12263000 24.10930000
C 31.34760000 4.19034000 23.95660000
C 32.02240000 2.94214000 24.00620000
C 29.18340000 3.00500000 23.88040000
C 29.85840000 1.75684000 23.91420000
C 27.01820000 1.81532000 23.83020000
C 27.69350000 0.56724100 23.84520000
C 24.85240000 0.62288400 23.81260000
C 40.74970000 10.09910000 24.27810000
C 37.90660000 10.17510000 24.14570000
C 38.58440000 8.92897000 24.22490000
C 35.74270000 9.00310000 24.07250000
C 36.42000000 7.75677000 24.14980000
C 33.57940000 7.82789000 23.98930000
C 34.25620000 6.58125000 24.06140000
C 31.41620000 6.64823000 23.90890000
C 32.09260000 5.40124000 23.97150000
C 29.25250000 5.46351000 23.84440000
C 29.92860000 4.21622000 23.89300000
C 27.08770000 4.27428000 23.80650000
C 27.76370000 3.02670000 23.83750000
C 24.92220000 3.08215000 23.80160000
C 25.59810000 1.83426000 23.81300000
C 22.75660000 1.88942000 23.83170000
C 23.43220000 0.64118900 23.82280000
C 20.59160000 0.69850600 23.89470000
C 40.81740000 12.55430000 24.17510000
C 37.97120000 12.62870000 24.05390000
C 38.65230000 11.38450000 24.13490000
C 35.80730000 11.45740000 23.99140000
C 36.48790000 10.21300000 24.07110000
C 33.64430000 10.28310000 23.91710000
C 34.32410000 9.03834000 23.99320000
C 31.48170000 9.10464000 23.84450000
C 32.16070000 7.85925000 23.91330000
C 29.31880000 7.92099000 23.78770000
C 29.99710000 6.67495000 23.84520000
C 27.15520000 6.73252000 23.75800000
C 27.83270000 5.48585000 23.80070000
C 24.99070000 5.54090000 23.76250000
C 25.66760000 4.29358000 23.78790000
C 22.82590000 4.34854000 23.80350000
C 23.50200000 3.10054000 23.81020000
C 20.66140000 3.15792000 23.87910000
C 21.33680000 1.90926000 23.86710000
C 18.49770000 1.97092000 23.98200000
C 19.17240000 0.72171400 23.95310000
C 16.33460000 0.78847400 24.10020000
C 38.71630000 13.83800000 24.03810000
C 35.86730000 13.90960000 23.91310000
C 36.55200000 12.66720000 23.98610000
C 33.70450000 12.73650000 23.84660000
C 34.38840000 11.49360000 23.91720000
C 31.54250000 11.55940000 23.77870000
C 32.22530000 10.31580000 23.84450000
C 29.38080000 10.37730000 23.72460000
C 30.06230000 9.13277000 23.78250000
C 27.21880000 9.19005000 23.69740000
C 27.89890000 7.94454000 23.74420000
C 25.05620000 7.99919000 23.70540000
C 25.73490000 6.75272000 23.73860000
C 22.89300000 6.80729000 23.75200000
C 23.57050000 5.55985000 23.76990000
C 20.72990000 5.61702000 23.83600000
C 21.40610000 4.36862000 23.83760000
C 18.56720000 4.43038000 23.95030000
C 19.24230000 3.18113000 23.93650000
C 16.40490000 3.24827000 24.08230000
C 17.07920000 1.99840000 24.05580000
C 14.24240000 2.07058000 24.21660000
C 14.91640000 0.82034800 24.18140000
C 12.07900000 0.89659000 24.33890000
C 38.77560000 16.28940000 23.94690000
C 35.92210000 16.36010000 23.85080000
C 36.61120000 15.11930000 23.90820000
C 33.75930000 15.18820000 23.79280000
C 34.44760000 13.94700000 23.84860000
C 31.59780000 14.01280000 23.72800000
C 32.28490000 12.77090000 23.78100000
C 29.43730000 12.83260000 23.67260000
C 30.12270000 11.58960000 23.72090000
C 27.27720000 11.64710000 23.64160000
C 27.96060000 10.40280000 23.68310000
C 25.11700000 10.45740000 23.64570000
C 25.79840000 9.21186000 23.67820000
C 22.95650000 9.26610000 23.69020000
C 23.63580000 8.01931000 23.71180000
C 20.79570000 8.07611000 23.77520000
C 21.47320000 6.82814000 23.78480000
C 18.63480000 6.88969000 23.89470000
C 19.31080000 5.64067000 23.89220000
C 16.47390000 5.70790000 24.03650000
C 17.14880000 4.45804000 24.02350000
C 14.31250000 4.53059000 24.18390000
C 14.98670000 3.28016000 24.16330000
C 12.15000000 3.35689000 24.32110000
C 12.82400000 2.10614000 24.29600000
C 9.98601000 2.18577000 24.43650000
C 10.66010000 0.93485700 24.40950000
C 7.82059000 1.01627000 24.52450000
C 36.66540000 17.56980000 23.84930000
C 33.80960000 17.63860000 23.76670000
C 34.50160000 16.39870000 23.80080000
C 31.64810000 16.46510000 23.70580000
C 32.33900000 15.22440000 23.73830000
C 29.48830000 15.28710000 23.64720000
C 30.17750000 14.04540000 23.67750000
C 27.32990000 14.10400000 23.60780000
C 28.01680000 12.86090000 23.63490000
C 25.17240000 12.91610000 23.60100000
C 25.85660000 11.67140000 23.62360000
C 23.01510000 11.72570000 23.63470000
C 23.69660000 10.47950000 23.65150000
C 20.85750000 10.53590000 23.71120000
C 21.53660000 9.28838000 23.72130000
C 18.69950000 9.34945000 23.82670000
C 19.37650000 8.10070000 23.82970000
C 16.54080000 8.16763000 23.97030000
C 17.21650000 6.91793000 23.96680000
C 14.38120000 6.99049000 24.12560000
C 15.05590000 5.74011000 24.11720000
C 12.22010000 5.81711000 24.27500000
C 12.89430000 4.56629000 24.26350000
C 10.05700000 4.64629000 24.40490000
C 10.73120000 3.39522000 24.39200000
C 7.89231000 3.47701000 24.50760000
C 8.56647000 2.22580000 24.49430000
C 5.72623000 2.30857000 24.58080000
C 6.40044000 1.05728000 24.56770000
C 3.55926000 1.14056000 24.62500000
C 36.71580000 20.01880000 23.81690000
C 33.85770000 20.08810000 23.77330000
C 34.55160000 18.84880000 23.78210000
C 31.69560000 18.91630000 23.71900000
C 32.38860000 17.67640000 23.72670000
C 29.53570000 17.74100000 23.65840000
C 30.22720000 16.50000000 23.66540000
C 27.37810000 16.56070000 23.60880000
C 28.06740000 15.31840000 23.61520000
C 25.22260000 15.37550000 23.58630000
C 25.90910000 14.13140000 23.59180000
C 23.06840000 14.18680000 23.60180000
C 23.75190000 12.94100000 23.60620000
C 20.91450000 12.99750000 23.66040000
C 21.59510000 11.75020000 23.66340000
C 18.76010000 11.81070000 23.76100000
C 19.43830000 10.56210000 23.76260000
C 16.60460000 10.62830000 23.89540000
C 17.28110000 9.37869000 23.89600000
C 14.44760000 9.45070000 24.04920000
C 15.12290000 8.20045000 24.04930000
C 12.28840000 8.27727000 24.20470000
C 12.96320000 7.02656000 24.20480000
C 10.12700000 7.10666000 24.34610000
C 10.80140000 5.85565000 24.34630000
C 7.96333000 5.93766000 24.46290000
C 8.63763000 4.68645000 24.46320000
C 5.79799000 4.76943000 24.55060000
C 6.47224000 3.51810000 24.55110000
C 3.63147000 3.60154000 24.60890000
C 4.30571000 2.35014000 24.60950000
C 1.46426000 2.43377000 24.63910000
C 2.13848000 1.18234000 24.63980000
C -0.70324500 1.26600000 24.64230000
C 48.98610000 0.01458160 24.64310000
C 46.14450000 0.09813550 24.61890000
C 34.59980000 21.29780000 23.79550000
C 31.74320000 21.36700000 23.76880000
C 32.43610000 20.12710000 23.75070000
C 29.58250000 20.19410000 23.70960000
C 30.27420000 18.95330000 23.69130000
C 27.42460000 19.01720000 23.65130000
C 28.11450000 17.77510000 23.63380000
C 25.26980000 17.83540000 23.61130000
C 25.95720000 16.59160000 23.59570000
C 23.11760000 16.64940000 23.60390000
C 23.80200000 15.40380000 23.59080000
C 20.96680000 15.46140000 23.63700000
C 21.64840000 14.21410000 23.62720000
C 18.81600000 14.27440000 23.71250000
C 19.49520000 13.02580000 23.70670000
C 16.66430000 13.09090000 23.82570000
C 17.34160000 11.84140000 23.82480000
C 14.51060000 11.91210000 23.96590000
C 15.18660000 10.66200000 23.97010000
C 12.35430000 10.73790000 24.11730000
C 13.02960000 9.48732000 24.12590000
C 10.19510000 9.56696000 24.26340000
C 10.86990000 8.31615000 24.27520000
C 8.03314000 8.39805000 24.39090000
C 8.70772000 7.14704000 24.40460000
C 5.86899000 7.23004000 24.49250000
C 6.54340000 5.97889000 24.50680000
C 3.70324000 6.06235000 24.56520000
C 4.37756000 4.81108000 24.57960000
C 1.53648000 4.89468000 24.60940000
C 2.21074000 3.64336000 24.62370000
C -0.63080900 3.72694000 24.62620000
C 0.04340720 2.47560000 24.64030000
C 46.21690000 2.55904000 24.61610000
C 34.64900000 23.74640000 23.83980000
C 31.79370000 23.81740000 23.85160000
C 32.48450000 22.57680000 23.80900000
C 29.63170000 22.64660000 23.79850000
C 30.32160000 21.40540000 23.75580000
C 27.47260000 21.47290000 23.73550000
C 28.16120000 20.23060000 23.69420000
C 25.31720000 20.29510000 23.67970000
C 26.00370000 19.05130000 23.64180000
C 23.16530000 19.11280000 23.64760000
C 23.84930000 17.86720000 23.61480000
C 21.01600000 17.92730000 23.65050000
C 21.69760000 16.67990000 23.62460000
C 18.86800000 16.74100000 23.69330000
C 19.54750000 15.49220000 23.67610000
C 16.71960000 15.55660000 23.77490000
C 17.39740000 14.30680000 23.76770000
C 14.56950000 14.37600000 23.88870000
C 15.24620000 13.12570000 23.89220000
C 12.41660000 13.19990000 24.02300000
C 13.09250000 11.94940000 24.03650000
C 10.26050000 12.02770000 24.16310000
C 10.93590000 10.77720000 24.18420000
C 8.10102000 10.85830000 24.29450000
C 8.77601000 9.60762000 24.32050000
C 5.93868000 9.69025000 24.40650000
C 6.61339000 8.43946000 24.43470000
C 3.77418000 8.52270000 24.49300000
C 4.44869000 7.27180000 24.52170000
C 1.60820000 7.35519000 24.55160000
C 2.28260000 6.10421000 24.58010000
C -0.55864900 6.18754000 24.58250000
C 0.11569100 4.93652000 24.61060000
C -2.72586000 5.01966000 24.58590000
C -2.05159000 3.76864000 24.61400000
C 44.12220000 3.85147000 24.56190000
C 32.53620000 25.02640000 23.89680000
C 29.68540000 25.09880000 23.91730000
C 30.37220000 23.85670000 23.85420000
C 27.52460000 23.92790000 23.85560000
C 28.21040000 22.68490000 23.79370000
C 25.36740000 22.75390000 23.78880000
C 26.05170000 21.50960000 23.73050000
C 23.21420000 21.57590000 23.73380000
C 23.89670000 20.33000000 23.68200000
C 21.06460000 20.39400000 23.70490000
C 21.74530000 19.14640000 23.66250000
C 18.91760000 19.20960000 23.71070000
C 19.59660000 17.96050000 23.68020000
C 16.77150000 18.02520000 23.75340000
C 17.44930000 16.77510000 23.73700000
C 14.62450000 16.84300000 23.83030000
C 15.30140000 15.59240000 23.82930000
C 12.47510000 15.66440000 23.93450000
C 13.15140000 14.41380000 23.94860000
C 10.32250000 14.49000000 24.05530000
C 10.99830000 13.23950000 24.08220000
C 8.16615000 13.31890000 24.17960000
C 8.84159000 12.06860000 24.21570000
C 6.00637000 12.15010000 24.29500000
C 6.68149000 10.89990000 24.33630000
C 3.84372000 10.98240000 24.39200000
C 4.51859000 9.73211000 24.43520000
C 1.67898000 9.81497000 24.46450000
C 2.35368000 8.56460000 24.50790000
C -0.48711600 8.64742000 24.50990000
C 0.18750500 7.39700000 24.55280000
C -2.65392000 7.47961000 24.52740000
C -1.97936000 6.22918000 24.57000000
C 44.19430000 6.31145000 24.51690000
C 32.59260000 27.47660000 24.00550000
C 29.74450000 27.55140000 24.05360000
C 30.42760000 26.30790000 23.97710000
C 27.58180000 26.38230000 23.99930000
C 28.26430000 25.13820000 23.92340000
C 25.42220000 25.21140000 23.92910000
C 26.10380000 23.96640000 23.85580000
C 23.26660000 24.03750000 23.85720000
C 23.94700000 22.79130000 23.79000000
C 21.11510000 22.85990000 23.79920000
C 21.79420000 21.61220000 23.74200000
C 18.96710000 21.67880000 23.76700000
C 19.64520000 20.42960000 23.72370000
C 16.82140000 20.49580000 23.76720000
C 17.49870000 19.24540000 23.74050000
C 14.67630000 19.31290000 23.80060000
C 15.35300000 18.06190000 23.79250000
C 12.52980000 18.13210000 23.86440000
C 13.20620000 16.88110000 23.87530000
C 10.38060000 16.95470000 23.95280000
C 11.05670000 15.70400000 23.98130000
C 8.22784000 15.78090000 24.05660000
C 8.90371000 14.53080000 24.09910000
C 6.07123000 14.61020000 24.16460000
C 6.74686000 13.36050000 24.21630000
C 3.91112000 13.44150000 24.26500000
C 4.58653000 12.19200000 24.32150000
C 1.74819000 12.27380000 24.34820000
C 2.42344000 11.02430000 24.40610000
C -0.41674100 11.10620000 24.40770000
C 0.25843900 9.85670000 24.46540000
C -2.58287000 9.93843000 24.44000000
C -1.90772000 8.68895000 24.49720000
C -4.74949000 8.77031000 24.44360000
C -4.07440000 7.52088000 24.50070000
C 42.09910000 7.60172000 24.41840000
C 30.48830000 28.75980000 24.11130000
C 27.64410000 28.83680000 24.15060000
C 28.32360000 27.59140000 24.06930000
C 25.48210000 27.66800000 24.08470000
C 26.16110000 26.42210000 24.00480000
C 23.32350000 26.49730000 24.00530000
C 24.00180000 25.25060000 23.92960000
C 21.16890000 25.32380000 23.92560000
C 21.84660000 24.07600000 23.85860000
C 19.01850000 24.14680000 23.85960000
C 19.69550000 22.89760000 23.80590000
C 16.87140000 22.96660000 23.81750000
C 17.54800000 21.71620000 23.78120000
C 14.72630000 21.78460000 23.80480000
C 15.40270000 20.53340000 23.78860000
C 12.58150000 20.60270000 23.82240000
C 13.25780000 19.35130000 23.82750000
C 10.43510000 19.42250000 23.86880000
C 11.11140000 18.17150000 23.89450000
C 8.28567000 18.24530000 23.93950000
C 8.96195000 16.99510000 23.98330000
C 6.13251000 17.07140000 24.02690000
C 6.80876000 15.82210000 24.08430000
C 3.97545000 15.90060000 24.12020000
C 4.65167000 14.65180000 24.18600000
C 1.81491000 14.73160000 24.20740000
C 2.49111000 13.48320000 24.27720000
C -0.34836000 13.56360000 24.27820000
C 0.32785500 12.31530000 24.34890000
C -2.51347000 12.39570000 24.32500000
C -1.83721000 11.14750000 24.39530000
C -4.67954000 11.22760000 24.34350000
C -4.00326000 9.97950000 24.41360000
C 42.16940000 10.05900000 24.33230000
C 30.55350000 31.21340000 24.24240000
C 27.71040000 31.29240000 24.29320000
C 28.38770000 30.04550000 24.21530000
C 25.54640000 30.12450000 24.23820000
C 26.22340000 28.87740000 24.16040000
C 23.38490000 28.95590000 24.16090000
C 24.06160000 27.70840000 24.08510000
C 21.22690000 27.78550000 24.07070000
C 21.90340000 26.53740000 24.00070000
C 19.07300000 26.61230000 23.98000000
C 19.74920000 25.36330000 23.92080000
C 16.92310000 25.43580000 23.90120000
C 17.59920000 24.18570000 23.85770000
C 14.77640000 24.25620000 23.84390000
C 15.45250000 23.00520000 23.82010000
C 12.63140000 23.07470000 23.81390000
C 13.30770000 21.82330000 23.81180000
C 10.48650000 21.89290000 23.81340000
C 11.16290000 20.64180000 23.83320000
C 8.33968000 20.71250000 23.84230000
C 9.01642000 19.46220000 23.88240000
C 6.18971000 19.53480000 23.89730000
C 6.86676000 18.28560000 23.95420000
C 4.03585000 18.36050000 23.97120000
C 4.71320000 17.11230000 24.04020000
C 1.87807000 17.18910000 24.05260000
C 2.55572000 15.94170000 24.12870000
C -0.28309900 16.01970000 24.12870000
C 0.39480900 14.77280000 24.20770000
C -2.44680000 14.85110000 24.18760000
C -1.76868000 13.60460000 24.26710000
C -4.61206000 13.68280000 24.22110000
C -3.93379000 12.43650000 24.30030000
C -6.77792000 12.51430000 24.22500000
C -6.09963000 11.26810000 24.30410000
C 40.07160000 11.34520000 24.19880000
C 28.45550000 32.50110000 24.34710000
C 25.61400000 32.58190000 24.37460000
C 26.28980000 31.33350000 24.30600000
C 23.45010000 31.41410000 24.30700000
C 24.12580000 30.16570000 24.23870000
C 21.28900000 30.24560000 24.21750000
C 21.96460000 28.99690000 24.15200000
C 19.13140000 29.07540000 24.11460000
C 19.80700000 27.82620000 24.05610000
C 16.97780000 27.90240000 24.00970000
C 17.65350000 26.65250000 23.96340000
C 14.82810000 26.72610000 23.91470000
C 15.50400000 25.47550000 23.88540000
C 12.68130000 25.54650000 23.83990000
C 13.35760000 24.29540000 23.83080000
C 10.53610000 24.36470000 23.79240000
C 11.21280000 23.11360000 23.80450000
C 8.39054000 23.18220000 23.77590000
C 9.06780000 21.93180000 23.80830000
C 6.24287000 22.00090000 23.79110000
C 6.92085000 20.75170000 23.84150000
C 4.09180000 20.82240000 23.83510000
C 4.77058000 19.57440000 23.89980000
C 1.93675000 19.64720000 23.89980000
C 2.61633000 18.40060000 23.97420000
C -0.22212600 18.47510000 23.97240000
C 0.45816400 17.22950000 24.05210000
C -2.38413000 17.30510000 24.03850000
C -1.70330000 16.06010000 24.12010000
C -4.54830000 16.13610000 24.08550000
C -3.86712000 14.89150000 24.16720000
C -6.71360000 14.96740000 24.10510000
C -6.03225000 13.72310000 24.18640000
C 40.13610000 13.79840000 24.09400000
C 28.52550000 34.95840000 24.45540000
C 25.68390000 35.04040000 24.48500000
C 26.35890000 33.79080000 24.42960000
C 23.51830000 33.87290000 24.43120000
C 24.19340000 32.62340000 24.37540000
C 21.35460000 32.70520000 24.35070000
C 22.02970000 31.45570000 24.29550000
C 19.19370000 31.53660000 24.24780000
C 19.86890000 30.28710000 24.19610000
C 17.03630000 30.36630000 24.13020000
C 17.71180000 29.11650000 24.08620000
C 14.88280000 29.19310000 24.00920000
C 15.55860000 27.94290000 23.97780000
C 12.73300000 28.01630000 23.89750000
C 13.40920000 26.76570000 23.88280000
C 10.58580000 26.83600000 23.80680000
C 11.26260000 25.58530000 23.81090000
C 8.43970000 25.65300000 23.74580000
C 9.11741000 24.40280000 23.76850000
C 6.29283000 24.46920000 23.71910000
C 6.97171000 23.22000000 23.75870000
C 4.14351000 23.28660000 23.72750000
C 4.82378000 22.03890000 23.78120000
C 1.99061000 22.10700000 23.76670000
C 2.67235000 20.86090000 23.83120000
C -0.16616600 20.93110000 23.82670000
C 0.51691300 19.68640000 23.89800000
C -2.32641000 19.75840000 23.89290000
C -1.64231000 18.51480000 23.96750000
C -4.48931000 18.58790000 23.94960000
C -3.80454000 17.34500000 24.02510000
C -6.65388000 17.41860000 23.98420000
C -5.96873000 16.17610000 24.05930000
C -8.81908000 16.24960000 23.98950000
C -8.13380000 15.00730000 24.06390000
C 38.03120000 15.08020000 23.96410000
C 26.42970000 36.24950000 24.52520000
C 23.58840000 36.33240000 24.52730000
C 24.26310000 35.08210000 24.48600000
C 21.42300000 35.16480000 24.46030000
C 22.09770000 33.91460000 24.41870000
C 19.25940000 33.99690000 24.36610000
C 19.93440000 32.74690000 24.32550000
C 17.09870000 32.82810000 24.24830000
C 17.77390000 31.57810000 24.21170000
C 14.94150000 31.65730000 24.11510000
C 15.61700000 30.40720000 24.08620000
C 12.78790000 30.48330000 23.97860000
C 13.46390000 29.23310000 23.96150000
C 10.63760000 29.30530000 23.85340000
C 11.31430000 28.05510000 23.85070000
C 8.48924000 28.12320000 23.75290000
C 9.16710000 26.87340000 23.76530000
C 6.34136000 26.93840000 23.68630000
C 7.02080000 25.68950000 23.71300000
C 4.19223000 25.75290000 23.65820000
C 4.87362000 24.50530000 23.69690000
C 2.04038000 24.56900000 23.66760000
C 2.72393000 23.32300000 23.71600000
C -0.11497100 23.38860000 23.70810000
C 0.57067100 22.14430000 23.76330000
C -2.27375000 22.21220000 23.76700000
C -1.58646000 20.96930000 23.82610000
C -4.43538000 21.03920000 23.82810000
C -3.74702000 19.79740000 23.88860000
C -6.59908000 19.86860000 23.87530000
C -5.91009000 18.62750000 23.93570000
C -8.76391000 18.69920000 23.89720000
C -8.07461000 17.45840000 23.95660000
C 38.08630000 17.53000000 23.88840000
C 26.50150000 38.70930000 24.59140000
C 23.65980000 38.79260000 24.59380000
C 24.33430000 37.54170000 24.56710000
C 21.49330000 37.62500000 24.54180000
C 22.16780000 36.37420000 24.51460000
C 19.32800000 36.45720000 24.46090000
C 20.00260000 35.20650000 24.43370000
C 17.16470000 35.28890000 24.35190000
C 17.83950000 34.03840000 24.32610000
C 15.00420000 34.11930000 24.21900000
C 15.67930000 32.86910000 24.19690000
C 12.84700000 32.94740000 24.07170000
C 13.52260000 31.69730000 24.05610000
C 10.69300000 31.77170000 23.92430000
C 11.36930000 30.52180000 23.91770000
C 8.54136000 30.59140000 23.79320000
C 9.21888000 29.34200000 23.79690000
C 6.39092000 29.40700000 23.69240000
C 7.07025000 28.15830000 23.70610000
C 4.24025000 28.21990000 23.63060000
C 4.92194000 26.97240000 23.65300000
C 2.08794000 27.03260000 23.61020000
C 2.77237000 25.78670000 23.63960000
C -0.06704040 25.84780000 23.62790000
C 0.62015100 24.60370000 23.66240000
C -2.22499000 24.66720000 23.67400000
C -1.53552000 23.42470000 23.71180000
C -4.38564000 23.49100000 23.73370000
C -3.69460000 22.24980000 23.77290000
C -6.54847000 22.31840000 23.78960000
C -5.85650000 21.07800000 23.82880000
C -8.71280000 21.14800000 23.82680000
C -8.02033000 19.90820000 23.86490000
C -10.87770000 19.97870000 23.83570000
C -10.18510000 18.73920000 23.87240000
C 35.97290000 18.80940000 23.81390000
C 24.40620000 40.00210000 24.61900000
C 21.56480000 40.08560000 24.59430000
C 22.23910000 38.83440000 24.58130000
C 19.39840000 38.91770000 24.52840000
C 20.07280000 37.66660000 24.51510000
C 17.23350000 37.74940000 24.43280000
C 17.90790000 36.49850000 24.41980000
C 15.07060000 36.58030000 24.30910000
C 15.74520000 35.32970000 24.29710000
C 12.91040000 35.40930000 24.16320000
C 13.58530000 34.15910000 24.15360000
C 10.75290000 34.23530000 24.00720000
C 11.42850000 32.98550000 24.00120000
C 8.59768000 33.05690000 23.85770000
C 9.27441000 31.80760000 23.85620000
C 6.44384000 31.87360000 23.73190000
C 7.12236000 30.62510000 23.73490000
C 4.29031000 30.68630000 23.64250000
C 4.97130000 29.43880000 23.64960000
C 2.13607000 29.49690000 23.59560000
C 2.82005000 28.25090000 23.60590000
C -0.01980490 28.30850000 23.59060000
C 0.66734200 27.06420000 23.60320000
C -2.17784000 27.12380000 23.62120000
C -1.48790000 25.88110000 23.63520000
C -4.33804000 25.94390000 23.67490000
C -3.64607000 24.70260000 23.68950000
C -6.50021000 24.76870000 23.73500000
C -5.80696000 23.52850000 23.74940000
C -8.66397000 23.59690000 23.78480000
C -7.97003000 22.35740000 23.79800000
C -10.82870000 22.42710000 23.81090000
C -10.13450000 21.18790000 23.82260000
C 36.02160000 21.25790000 23.80680000
C 22.31110000 41.29510000 24.61950000
C 19.47000000 41.37840000 24.56760000
C 20.14420000 40.12710000 24.56820000
C 17.30410000 40.21000000 24.48710000
C 17.97830000 38.95890000 24.48760000
C 15.13970000 39.04080000 24.37720000
C 15.81390000 37.78990000 24.37740000
C 12.97730000 37.87020000 24.24120000
C 13.65170000 36.61960000 24.24110000
C 10.81710000 36.69700000 24.08830000
C 11.49190000 35.44690000 24.08760000
C 8.65876000 35.51980000 23.93320000
C 9.33449000 34.27050000 23.93170000
C 6.50152000 34.33780000 23.79400000
C 7.17881000 33.08920000 23.79110000
C 4.34466000 33.15090000 23.68600000
C 5.02419000 31.90330000 23.68160000
C 2.18758000 31.96070000 23.61870000
C 2.86990000 30.71440000 23.61270000
C 0.02972400 30.77000000 23.59450000
C 0.71515800 29.52500000 23.58700000
C -2.12935000 29.58180000 23.60960000
C -1.44093000 28.33840000 23.60080000
C -4.28983000 28.39840000 23.65480000
C -3.59904000 27.15640000 23.64480000
C -6.45173000 27.22020000 23.71540000
C -5.75936000 25.97950000 23.70410000
C -8.61503000 26.04650000 23.77420000
C -7.92174000 24.80650000 23.76160000
C -10.77940000 24.87570000 23.81580000
C -10.08570000 23.63620000 23.80170000
C -12.94440000 23.70640000 23.82980000
C -12.25060000 22.46710000 23.81400000
C 33.90630000 22.53730000 23.81270000
C 18.04980000 41.41950000 24.52740000
C 15.21050000 41.50130000 24.41840000
C 15.88440000 40.25030000 24.43230000
C 13.04680000 40.33060000 24.29670000
C 13.72070000 39.07990000 24.30900000
C 10.88470000 39.15750000 24.15460000
C 11.55890000 37.90730000 24.16380000
C 8.72403000 37.98090000 24.00480000
C 9.39885000 36.73140000 24.00900000
C 6.56404000 36.79970000 23.86380000
C 7.24008000 35.55090000 23.86150000
C 4.40417000 35.61340000 23.74800000
C 5.08201000 34.36560000 23.73840000
C 2.24416000 34.42320000 23.66900000
C 2.92427000 33.17640000 23.65230000
C 0.08385980 33.23130000 23.63150000
C 0.76656700 31.98560000 23.60870000
C -2.07690000 32.04070000 23.63450000
C -1.39152000 30.79630000 23.60660000
C -4.23830000 30.85430000 23.67160000
C -3.55054000 29.61120000 23.63950000
C -6.40046000 29.67330000 23.73050000
C -5.71093000 28.43140000 23.69550000
C -8.56354000 28.49740000 23.79540000
C -7.87291000 27.25640000 23.75830000
C -10.72760000 27.32540000 23.84980000
C -10.03640000 26.08490000 23.81100000
C -12.89250000 26.15550000 23.88090000
C -12.20110000 24.91530000 23.84060000
C 33.95770000 24.98660000 23.88150000
C 13.79140000 41.54020000 24.35080000
C 10.95460000 41.61770000 24.19690000
C 11.62830000 40.36750000 24.21920000
C 8.79237000 40.44120000 24.05900000
C 9.46651000 39.19150000 24.07410000
C 6.63047000 39.26020000 23.92550000
C 7.30549000 38.01120000 23.93040000
C 4.46837000 38.07440000 23.81200000
C 5.14472000 36.82620000 23.80500000
C 2.30593000 36.88430000 23.73080000
C 2.98395000 35.63700000 23.71150000
C 0.14335100 35.69190000 23.68820000
C 0.82326300 34.44550000 23.65760000
C -2.01921000 34.50000000 23.68510000
C -1.33730000 33.25450000 23.64470000
C -4.18178000 33.31140000 23.71720000
C -3.49795000 32.06690000 23.66910000
C -6.34453000 32.12800000 23.77500000
C -5.65905000 30.88460000 23.72120000
C -8.50770000 30.95000000 23.84420000
C -7.82106000 29.70750000 23.78670000
C -10.67160000 29.77650000 23.90890000
C -9.98427000 28.53460000 23.84930000
C -12.83630000 28.60590000 23.95500000
C -12.14870000 27.36430000 23.89420000
C -15.00150000 27.43680000 23.97310000
C -14.31390000 26.19520000 23.91120000
C 31.84880000 26.26810000 23.95960000
C 9.53634000 41.65140000 24.11620000
C 6.69953000 41.72020000 23.96600000
C 7.37391000 40.47100000 23.98360000
C 4.53602000 40.53450000 23.86220000
C 5.21132000 39.28600000 23.86480000
C 2.37192000 39.34450000 23.78700000
C 3.04836000 38.09670000 23.77350000
C 0.20760200 38.15190000 23.74740000
C 0.88526800 36.90480000 23.71810000
C -1.95649000 36.95930000 23.74530000
C -1.27756000 35.71280000 23.70180000
C -4.12013000 35.76940000 23.77790000
C -3.43996000 34.52350000 23.72240000
C -6.28348000 34.58420000 23.83740000
C -5.60212000 33.33910000 23.77280000
C -8.44687000 33.40440000 23.91140000
C -7.76451000 32.16010000 23.84100000
C -10.61070000 32.22940000 23.98490000
C -9.92765000 30.98570000 23.91140000
C -12.77530000 31.05790000 24.04400000
C -12.09180000 29.81460000 23.96910000
C -14.94060000 29.88840000 24.07810000
C -14.25700000 28.64520000 24.00260000
C 31.90910000 28.71980000 24.08150000
C 5.28049000 41.74560000 23.90410000
C 2.44068000 41.80420000 23.82310000
C 3.11620000 40.55610000 23.82210000
C 0.27528600 40.61170000 23.79290000
C 0.95150700 39.36390000 23.77300000
C -1.88988000 39.41880000 23.79820000
C -1.21302000 38.17140000 23.76050000
C -4.05436000 38.22810000 23.83710000
C -3.37689000 36.98100000 23.78370000
C -6.21815000 37.04170000 23.90260000
C -5.54007000 35.79510000 23.83680000
C -8.38167000 35.86050000 23.98350000
C -7.70293000 34.61450000 23.90940000
C -10.54550000 34.68430000 24.06590000
C -9.86615000 33.43880000 23.98730000
C -12.71000000 33.51180000 24.13640000
C -12.03020000 32.26670000 24.05610000
C -14.87540000 32.34180000 24.18480000
C -14.19530000 31.09680000 24.10410000
C -17.04120000 31.17310000 24.20430000
C -16.36110000 29.92810000 24.12350000
C 29.80840000 30.00500000 24.19240000
C 1.02045000 41.82320000 23.80750000
C -1.82087000 41.87830000 23.82970000
C -1.14509000 40.63030000 23.80470000
C -3.98585000 40.68730000 23.87940000
C -3.30999000 39.43940000 23.83620000
C -6.14991000 39.50030000 23.95520000
C -5.47394000 38.25240000 23.89700000
C -8.31344000 38.31820000 24.04610000
C -7.63720000 37.07060000 23.97720000
C -10.47710000 37.14100000 24.13880000
C -9.80049000 35.89380000 24.06380000
C -12.64150000 35.96780000 24.22060000
C -11.96450000 34.72090000 24.14310000
C -14.80690000 34.79730000 24.28180000
C -14.12950000 33.55050000 24.20400000
C -16.97290000 33.62840000 24.31590000
C -16.29540000 32.38160000 24.23840000
C 29.87610000 32.46020000 24.31990000
C -3.24078000 41.89830000 23.86650000
C -6.08010000 41.95970000 23.98370000
C -5.40518000 40.71090000 23.93890000
C -8.24352000 40.77720000 24.08750000
C -7.56869000 39.52840000 24.03030000
C -10.40700000 39.59940000 24.19250000
C -9.73199000 38.35080000 24.12780000
C -12.57120000 38.42570000 24.28640000
C -11.89590000 37.17720000 24.21830000
C -14.73640000 37.25470000 24.36000000
C -14.06070000 36.00630000 24.29120000
C -16.90250000 36.08550000 24.40760000
C -16.22660000 34.83720000 24.33930000
C -19.06910000 34.91730000 24.42630000
C -18.39320000 33.66890000 24.35850000
C 27.77960000 33.74950000 24.41520000
C -7.49870000 41.98730000 24.05820000
C -10.33610000 42.05890000 24.21960000
C -9.66189000 40.80930000 24.16900000
C -12.50000000 40.88490000 24.32710000
C -11.82560000 39.63520000 24.27220000
C -14.66490000 39.71370000 24.41360000
C -13.99030000 38.46410000 24.35760000
C -16.83100000 38.54430000 24.47410000
C -16.15610000 37.29470000 24.41850000
C -18.99770000 37.37580000 24.50660000
C -18.32270000 36.12620000 24.45160000
C 27.85050000 36.20800000 24.51020000
C -11.75460000 42.09460000 24.29900000
C -14.59320000 42.17370000 24.43950000
C -13.91900000 40.92320000 24.39780000
C -16.75900000 41.00410000 24.51330000
C -16.08460000 39.75370000 24.47170000
C -18.92570000 39.83560000 24.55890000
C -18.25120000 38.58510000 24.51800000
C -21.09290000 38.66760000 24.57640000
C -20.41830000 37.41720000 24.53590000
C 25.75510000 37.49990000 24.56590000
C -16.01280000 42.21370000 24.49720000
C -18.85350000 42.29610000 24.58360000
C -18.17920000 41.04510000 24.55670000
C -21.02070000 41.12810000 24.61440000
C -20.34630000 39.87700000 24.58800000
C 25.82710000 39.96030000 24.61770000
C -20.27410000 42.33760000 24.61230000
C -23.11570000 42.42110000 24.64180000
C -22.44150000 41.16980000 24.62920000
C 23.73190000 41.25340000 24.63170000
