C 46.89110000 1.30773000 16.96970000
C 44.04980000 1.39088000 17.02130000
C 44.72390000 0.13961800 17.00690000
C 41.88340000 0.22228800 17.08700000
C 44.79630000 2.60049000 17.00970000
C 41.95550000 2.68281000 17.08980000
C 42.62950000 1.43189000 17.06120000
C 39.78980000 1.51335000 17.16960000
C 40.46360000 0.26252900 17.14120000
C 37.62530000 0.34249900 17.27580000
C 44.86870000 5.06105000 17.04030000
C 42.02760000 5.14279000 17.12160000
C 42.70190000 3.89244000 17.07830000
C 39.86170000 3.97333000 17.18750000
C 40.53580000 2.72304000 17.14420000
C 37.69690000 2.80247000 17.27880000
C 38.37070000 1.55227000 17.23700000
C 35.53310000 1.62929000 17.39060000
C 36.20680000 0.37928200 17.35300000
C 33.37010000 0.45272100 17.51340000
C 42.77410000 6.35233000 17.12400000
C 39.93320000 6.43235000 17.23440000
C 40.60790000 5.18300000 17.17650000
C 37.76830000 5.26163000 17.31230000
C 38.44260000 4.01231000 17.25520000
C 35.60430000 4.08863000 17.40960000
C 36.27830000 2.83934000 17.35610000
C 33.44090000 2.91219000 17.51720000
C 34.11490000 1.66303000 17.47150000
C 31.27740000 1.73137000 17.62290000
C 31.95170000 0.48246400 17.58940000
C 29.11330000 0.54575000 17.71320000
C 42.84560000 8.81105000 17.19740000
C 40.00350000 8.88982000 17.30760000
C 40.67950000 7.64188000 17.23690000
C 37.83860000 7.71937000 17.37290000
C 38.51420000 6.47141000 17.30260000
C 35.67450000 6.54676000 17.45750000
C 36.34970000 5.29872000 17.38990000
C 33.51110000 5.37078000 17.55170000
C 34.18600000 4.12263000 17.49070000
C 31.34760000 4.19034000 17.64340000
C 32.02240000 2.94214000 17.59380000
C 29.18340000 3.00500000 17.71960000
C 29.85840000 1.75684000 17.68580000
C 27.01820000 1.81532000 17.76980000
C 27.69350000 0.56724100 17.75480000
C 24.85240000 0.62288400 17.78740000
C 40.74970000 10.09910000 17.32190000
C 37.90660000 10.17510000 17.45430000
C 38.58440000 8.92897000 17.37510000
C 35.74270000 9.00310000 17.52750000
C 36.42000000 7.75677000 17.45020000
C 33.57940000 7.82789000 17.61070000
C 34.25620000 6.58125000 17.53860000
C 31.41620000 6.64823000 17.69110000
C 32.09260000 5.40124000 17.62850000
C 29.25250000 5.46351000 17.75560000
C 29.92860000 4.21622000 17.70700000
C 27.08770000 4.27428000 17.79350000
C 27.76370000 3.02670000 17.76250000
C 24.92220000 3.08215000 17.79840000
C 25.59810000 1.83426000 17.78700000
C 22.75660000 1.88942000 17.76830000
C 23.43220000 0.64118900 17.77720000
C 20.59160000 0.69850600 17.70530000
C 40.81740000 12.55430000 17.42490000
C 37.97120000 12.62870000 17.54610000
C 38.65230000 11.38450000 17.46510000
C 35.80730000 11.45740000 17.60860000
C 36.48790000 10.21300000 17.52890000
C 33.64430000 10.28310000 17.68290000
C 34.32410000 9.03834000 17.60680000
C 31.48170000 9.10464000 17.75550000
C 32.16070000 7.85925000 17.68670000
C 29.31880000 7.92099000 17.81230000
C 29.99710000 6.67495000 17.75480000
C 27.15520000 6.73252000 17.84200000
C 27.83270000 5.48585000 17.79930000
C 24.99070000 5.54090000 17.83750000
C 25.66760000 4.29358000 17.81210000
C 22.82590000 4.34854000 17.79650000
C 23.50200000 3.10054000 17.78980000
C 20.66140000 3.15792000 17.72090000
C 21.33680000 1.90926000 17.73290000
C 18.49770000 1.97092000 17.61800000
C 19.17240000 0.72171400 17.64690000
C 16.33460000 0.78847400 17.49980000
C 38.71630000 13.83800000 17.56190000
C 35.86730000 13.90960000 17.68690000
C 36.55200000 12.66720000 17.61390000
C 33.70450000 12.73650000 17.75340000
C 34.38840000 11.49360000 17.68280000
C 31.54250000 11.55940000 17.82130000
C 32.22530000 10.31580000 17.75550000
C 29.38080000 10.37730000 17.87540000
C 30.06230000 9.13277000 17.81750000
C 27.21880000 9.19005000 17.90260000
C 27.89890000 7.94454000 17.85580000
C 25.05620000 7.99919000 17.89460000
C 25.73490000 6.75272000 17.86140000
C 22.89300000 6.80729000 17.84800000
C 23.57050000 5.55985000 17.83010000
C 20.72990000 5.61702000 17.76400000
C 21.40610000 4.36862000 17.76240000
C 18.56720000 4.43038000 17.64970000
C 19.24230000 3.18113000 17.66350000
C 16.40490000 3.24827000 17.51770000
C 17.07920000 1.99840000 17.54420000
C 14.24240000 2.07058000 17.38340000
C 14.91640000 0.82034800 17.41860000
C 12.07900000 0.89659000 17.26110000
C 38.77560000 16.28940000 17.65310000
C 35.92210000 16.36010000 17.74920000
C 36.61120000 15.11930000 17.69180000
C 33.75930000 15.18820000 17.80720000
C 34.44760000 13.94700000 17.75140000
C 31.59780000 14.01280000 17.87200000
C 32.28490000 12.77090000 17.81900000
C 29.43730000 12.83260000 17.92740000
C 30.12270000 11.58960000 17.87910000
C 27.27720000 11.64710000 17.95840000
C 27.96060000 10.40280000 17.91690000
C 25.11700000 10.45740000 17.95430000
C 25.79840000 9.21186000 17.92180000
C 22.95650000 9.26610000 17.90980000
C 23.63580000 8.01931000 17.88820000
C 20.79570000 8.07611000 17.82480000
C 21.47320000 6.82814000 17.81520000
C 18.63480000 6.88969000 17.70530000
C 19.31080000 5.64067000 17.70780000
C 16.47390000 5.70790000 17.56350000
C 17.14880000 4.45804000 17.57650000
C 14.31250000 4.53059000 17.41610000
C 14.98670000 3.28016000 17.43670000
C 12.15000000 3.35689000 17.27890000
C 12.82400000 2.10614000 17.30400000
C 9.98601000 2.18577000 17.16350000
C 10.66010000 0.93485700 17.19050000
C 7.82059000 1.01627000 17.07550000
C 36.66540000 17.56980000 17.75070000
C 33.80960000 17.63860000 17.83330000
C 34.50160000 16.39870000 17.79920000
C 31.64810000 16.46510000 17.89420000
C 32.33900000 15.22440000 17.86170000
C 29.48830000 15.28710000 17.95280000
C 30.17750000 14.04540000 17.92250000
C 27.32990000 14.10400000 17.99220000
C 28.01680000 12.86090000 17.96510000
C 25.17240000 12.91610000 17.99900000
C 25.85660000 11.67140000 17.97640000
C 23.01510000 11.72570000 17.96530000
C 23.69660000 10.47950000 17.94850000
C 20.85750000 10.53590000 17.88880000
C 21.53660000 9.28838000 17.87870000
C 18.69950000 9.34945000 17.77330000
C 19.37650000 8.10070000 17.77030000
C 16.54080000 8.16763000 17.62970000
C 17.21650000 6.91793000 17.63320000
C 14.38120000 6.99049000 17.47440000
C 15.05590000 5.74011000 17.48280000
C 12.22010000 5.81711000 17.32500000
C 12.89430000 4.56629000 17.33650000
C 10.05700000 4.64629000 17.19510000
C 10.73120000 3.39522000 17.20800000
C 7.89231000 3.47701000 17.09240000
C 8.56647000 2.22580000 17.10570000
C 5.72623000 2.30857000 17.01920000
C 6.40044000 1.05728000 17.03230000
C 3.55926000 1.14056000 16.97500000
C 36.71580000 20.01880000 17.78310000
C 33.85770000 20.08810000 17.82670000
C 34.55160000 18.84880000 17.81790000
C 31.69560000 18.91630000 17.88100000
C 32.38860000 17.67640000 17.87330000
C 29.53570000 17.74100000 17.94160000
C 30.22720000 16.50000000 17.93460000
C 27.37810000 16.56070000 17.99120000
C 28.06740000 15.31840000 17.98480000
C 25.22260000 15.37550000 18.01370000
C 25.90910000 14.13140000 18.00820000
C 23.06840000 14.18680000 17.99820000
C 23.75190000 12.94100000 17.99380000
C 20.91450000 12.99750000 17.93960000
C 21.59510000 11.75020000 17.93660000
C 18.76010000 11.81070000 17.83900000
C 19.43830000 10.56210000 17.83740000
C 16.60460000 10.62830000 17.70460000
C 17.28110000 9.37869000 17.70400000
C 14.44760000 9.45070000 17.55080000
C 15.12290000 8.20045000 17.55070000
C 12.28840000 8.27727000 17.39530000
C 12.96320000 7.02656000 17.39520000
C 10.12700000 7.10666000 17.25390000
C 10.80140000 5.85565000 17.25370000
C 7.96333000 5.93766000 17.13710000
C 8.63763000 4.68645000 17.13680000
C 5.79799000 4.76943000 17.04940000
C 6.47224000 3.51810000 17.04890000
C 3.63147000 3.60154000 16.99110000
C 4.30571000 2.35014000 16.99050000
C 1.46426000 2.43377000 16.96090000
C 2.13848000 1.18234000 16.96020000
C -0.70324500 1.26600000 16.95770000
C 48.98610000 0.01458160 16.95690000
C 46.14450000 0.09813550 16.98110000
C 34.59980000 21.29780000 17.80450000
C 31.74320000 21.36700000 17.83120000
C 32.43610000 20.12710000 17.84930000
C 29.58250000 20.19410000 17.89040000
C 30.27420000 18.95330000 17.90870000
C 27.42460000 19.01720000 17.94870000
C 28.11450000 17.77510000 17.96620000
C 25.26980000 17.83540000 17.98870000
C 25.95720000 16.59160000 18.00430000
C 23.11760000 16.64940000 17.99610000
C 23.80200000 15.40380000 18.00920000
C 20.96680000 15.46140000 17.96300000
C 21.64840000 14.21410000 17.97280000
C 18.81600000 14.27440000 17.88750000
C 19.49520000 13.02580000 17.89330000
C 16.66430000 13.09090000 17.77430000
C 17.34160000 11.84140000 17.77520000
C 14.51060000 11.91210000 17.63410000
C 15.18660000 10.66200000 17.62990000
C 12.35430000 10.73790000 17.48270000
C 13.02960000 9.48732000 17.47410000
C 10.19510000 9.56696000 17.33660000
C 10.86990000 8.31615000 17.32480000
C 8.03314000 8.39805000 17.20910000
C 8.70772000 7.14704000 17.19540000
C 5.86899000 7.23004000 17.10750000
C 6.54340000 5.97889000 17.09320000
C 3.70324000 6.06235000 17.03480000
C 4.37756000 4.81108000 17.02040000
C 1.53648000 4.89468000 16.99060000
C 2.21074000 3.64336000 16.97630000
C -0.63080900 3.72694000 16.97380000
C 0.04340720 2.47560000 16.95970000
C 46.21690000 2.55904000 16.98390000
C 34.64900000 23.74640000 17.76020000
C 31.79370000 23.81740000 17.74840000
C 32.48450000 22.57680000 17.79100000
C 29.63170000 22.64660000 17.80150000
C 30.32160000 21.40540000 17.84420000
C 27.47260000 21.47290000 17.86450000
C 28.16120000 20.23060000 17.90580000
C 25.31720000 20.29510000 17.92030000
C 26.00370000 19.05130000 17.95820000
C 23.16530000 19.11280000 17.95240000
C 23.84930000 17.86720000 17.98520000
C 21.01600000 17.92730000 17.94950000
C 21.69760000 16.67990000 17.97540000
C 18.86800000 16.74100000 17.90670000
C 19.54750000 15.49220000 17.92390000
C 16.71960000 15.55660000 17.82510000
C 17.39740000 14.30680000 17.83230000
C 14.56950000 14.37600000 17.71130000
C 15.24620000 13.12570000 17.70780000
C 12.41660000 13.19990000 17.57700000
C 13.09250000 11.94940000 17.56350000
C 10.26050000 12.02770000 17.43690000
C 10.93590000 10.77720000 17.41580000
C 8.10102000 10.85830000 17.30550000
C 8.77601000 9.60762000 17.27950000
C 5.93868000 9.69025000 17.19350000
C 6.61339000 8.43946000 17.16530000
C 3.77418000 8.52270000 17.10700000
C 4.44869000 7.27180000 17.07830000
C 1.60820000 7.35519000 17.04840000
C 2.28260000 6.10421000 17.01990000
C -0.55864900 6.18754000 17.01750000
C 0.11569100 4.93652000 16.98940000
C -2.72586000 5.01966000 17.01410000
C -2.05159000 3.76864000 16.98600000
C 44.12220000 3.85147000 17.03810000
C 32.53620000 25.02640000 17.70320000
C 29.68540000 25.09880000 17.68270000
C 30.37220000 23.85670000 17.74580000
C 27.52460000 23.92790000 17.74440000
C 28.21040000 22.68490000 17.80630000
C 25.36740000 22.75390000 17.81120000
C 26.05170000 21.50960000 17.86950000
C 23.21420000 21.57590000 17.86620000
C 23.89670000 20.33000000 17.91800000
C 21.06460000 20.39400000 17.89510000
C 21.74530000 19.14640000 17.93750000
C 18.91760000 19.20960000 17.88930000
C 19.59660000 17.96050000 17.91980000
C 16.77150000 18.02520000 17.84660000
C 17.44930000 16.77510000 17.86300000
C 14.62450000 16.84300000 17.76970000
C 15.30140000 15.59240000 17.77070000
C 12.47510000 15.66440000 17.66550000
C 13.15140000 14.41380000 17.65140000
C 10.32250000 14.49000000 17.54470000
C 10.99830000 13.23950000 17.51780000
C 8.16615000 13.31890000 17.42040000
C 8.84159000 12.06860000 17.38430000
C 6.00637000 12.15010000 17.30500000
C 6.68149000 10.89990000 17.26370000
C 3.84372000 10.98240000 17.20800000
C 4.51859000 9.73211000 17.16480000
C 1.67898000 9.81497000 17.13550000
C 2.35368000 8.56460000 17.09210000
C -0.48711600 8.64742000 17.09010000
C 0.18750500 7.39700000 17.04720000
C -2.65392000 7.47961000 17.07260000
C -1.97936000 6.22918000 17.03000000
C 44.19430000 6.31145000 17.08310000
C 32.59260000 27.47660000 17.59450000
C 29.74450000 27.55140000 17.54640000
C 30.42760000 26.30790000 17.62290000
C 27.58180000 26.38230000 17.60070000
C 28.26430000 25.13820000 17.67660000
C 25.42220000 25.21140000 17.67090000
C 26.10380000 23.96640000 17.74420000
C 23.26660000 24.03750000 17.74280000
C 23.94700000 22.79130000 17.81000000
C 21.11510000 22.85990000 17.80080000
C 21.79420000 21.61220000 17.85800000
C 18.96710000 21.67880000 17.83300000
C 19.64520000 20.42960000 17.87630000
C 16.82140000 20.49580000 17.83280000
C 17.49870000 19.24540000 17.85950000
C 14.67630000 19.31290000 17.79940000
C 15.35300000 18.06190000 17.80750000
C 12.52980000 18.13210000 17.73560000
C 13.20620000 16.88110000 17.72470000
C 10.38060000 16.95470000 17.64720000
C 11.05670000 15.70400000 17.61870000
C 8.22784000 15.78090000 17.54340000
C 8.90371000 14.53080000 17.50090000
C 6.07123000 14.61020000 17.43540000
C 6.74686000 13.36050000 17.38370000
C 3.91112000 13.44150000 17.33500000
C 4.58653000 12.19200000 17.27850000
C 1.74819000 12.27380000 17.25180000
C 2.42344000 11.02430000 17.19390000
C -0.41674100 11.10620000 17.19230000
C 0.25843900 9.85670000 17.13460000
C -2.58287000 9.93843000 17.16000000
C -1.90772000 8.68895000 17.10280000
C -4.74949000 8.77031000 17.15640000
C -4.07440000 7.52088000 17.09930000
C 42.09910000 7.60172000 17.18160000
C 30.48830000 28.75980000 17.48870000
C 27.64410000 28.83680000 17.44940000
C 28.32360000 27.59140000 17.53070000
C 25.48210000 27.66800000 17.51530000
C 26.16110000 26.42210000 17.59520000
C 23.32350000 26.49730000 17.59470000
C 24.00180000 25.25060000 17.67040000
C 21.16890000 25.32380000 17.67440000
C 21.84660000 24.07600000 17.74140000
C 19.01850000 24.14680000 17.74040000
C 19.69550000 22.89760000 17.79410000
C 16.87140000 22.96660000 17.78250000
C 17.54800000 21.71620000 17.81880000
C 14.72630000 21.78460000 17.79520000
C 15.40270000 20.53340000 17.81140000
C 12.58150000 20.60270000 17.77760000
C 13.25780000 19.35130000 17.77250000
C 10.43510000 19.42250000 17.73120000
C 11.11140000 18.17150000 17.70550000
C 8.28567000 18.24530000 17.66050000
C 8.96195000 16.99510000 17.61670000
C 6.13251000 17.07140000 17.57310000
C 6.80876000 15.82210000 17.51570000
C 3.97545000 15.90060000 17.47980000
C 4.65167000 14.65180000 17.41400000
C 1.81491000 14.73160000 17.39260000
C 2.49111000 13.48320000 17.32280000
C -0.34836000 13.56360000 17.32180000
C 0.32785500 12.31530000 17.25110000
C -2.51347000 12.39570000 17.27500000
C -1.83721000 11.14750000 17.20470000
C -4.67954000 11.22760000 17.25650000
C -4.00326000 9.97950000 17.18640000
C 42.16940000 10.05900000 17.26770000
C 30.55350000 31.21340000 17.35760000
C 27.71040000 31.29240000 17.30680000
C 28.38770000 30.04550000 17.38470000
C 25.54640000 30.12450000 17.36180000
C 26.22340000 28.87740000 17.43960000
C 23.38490000 28.95590000 17.43910000
C 24.06160000 27.70840000 17.51490000
C 21.22690000 27.78550000 17.52930000
C 21.90340000 26.53740000 17.59930000
C 19.07300000 26.61230000 17.62000000
C 19.74920000 25.36330000 17.67920000
C 16.92310000 25.43580000 17.69880000
C 17.59920000 24.18570000 17.74230000
C 14.77640000 24.25620000 17.75610000
C 15.45250000 23.00520000 17.77990000
C 12.63140000 23.07470000 17.78610000
C 13.30770000 21.82330000 17.78820000
C 10.48650000 21.89290000 17.78660000
C 11.16290000 20.64180000 17.76680000
C 8.33968000 20.71250000 17.75770000
C 9.01642000 19.46220000 17.71760000
C 6.18971000 19.53480000 17.70270000
C 6.86676000 18.28560000 17.64580000
C 4.03585000 18.36050000 17.62880000
C 4.71320000 17.11230000 17.55980000
C 1.87807000 17.18910000 17.54740000
C 2.55572000 15.94170000 17.47130000
C -0.28309900 16.01970000 17.47130000
C 0.39480900 14.77280000 17.39230000
C -2.44680000 14.85110000 17.41240000
C -1.76868000 13.60460000 17.33290000
C -4.61206000 13.68280000 17.37890000
C -3.93379000 12.43650000 17.29970000
C -6.77792000 12.51430000 17.37500000
C -6.09963000 11.26810000 17.29590000
C 40.07160000 11.34520000 17.40120000
C 28.45550000 32.50110000 17.25290000
C 25.61400000 32.58190000 17.22540000
C 26.28980000 31.33350000 17.29400000
C 23.45010000 31.41410000 17.29300000
C 24.12580000 30.16570000 17.36130000
C 21.28900000 30.24560000 17.38250000
C 21.96460000 28.99690000 17.44800000
C 19.13140000 29.07540000 17.48540000
C 19.80700000 27.82620000 17.54390000
C 16.97780000 27.90240000 17.59030000
C 17.65350000 26.65250000 17.63660000
C 14.82810000 26.72610000 17.68530000
C 15.50400000 25.47550000 17.71460000
C 12.68130000 25.54650000 17.76010000
C 13.35760000 24.29540000 17.76920000
C 10.53610000 24.36470000 17.80760000
C 11.21280000 23.11360000 17.79550000
C 8.39054000 23.18220000 17.82410000
C 9.06780000 21.93180000 17.79170000
C 6.24287000 22.00090000 17.80890000
C 6.92085000 20.75170000 17.75850000
C 4.09180000 20.82240000 17.76490000
C 4.77058000 19.57440000 17.70020000
C 1.93675000 19.64720000 17.70020000
C 2.61633000 18.40060000 17.62580000
C -0.22212600 18.47510000 17.62760000
C 0.45816400 17.22950000 17.54790000
C -2.38413000 17.30510000 17.56150000
C -1.70330000 16.06010000 17.47990000
C -4.54830000 16.13610000 17.51450000
C -3.86712000 14.89150000 17.43280000
C -6.71360000 14.96740000 17.49490000
C -6.03225000 13.72310000 17.41360000
C 40.13610000 13.79840000 17.50600000
C 28.52550000 34.95840000 17.14460000
C 25.68390000 35.04040000 17.11500000
C 26.35890000 33.79080000 17.17040000
C 23.51830000 33.87290000 17.16880000
C 24.19340000 32.62340000 17.22460000
C 21.35460000 32.70520000 17.24930000
C 22.02970000 31.45570000 17.30450000
C 19.19370000 31.53660000 17.35220000
C 19.86890000 30.28710000 17.40390000
C 17.03630000 30.36630000 17.46980000
C 17.71180000 29.11650000 17.51380000
C 14.88280000 29.19310000 17.59080000
C 15.55860000 27.94290000 17.62220000
C 12.73300000 28.01630000 17.70250000
C 13.40920000 26.76570000 17.71720000
C 10.58580000 26.83600000 17.79320000
C 11.26260000 25.58530000 17.78910000
C 8.43970000 25.65300000 17.85420000
C 9.11741000 24.40280000 17.83150000
C 6.29283000 24.46920000 17.88090000
C 6.97171000 23.22000000 17.84130000
C 4.14351000 23.28660000 17.87250000
C 4.82378000 22.03890000 17.81880000
C 1.99061000 22.10700000 17.83330000
C 2.67235000 20.86090000 17.76880000
C -0.16616600 20.93110000 17.77330000
C 0.51691300 19.68640000 17.70200000
C -2.32641000 19.75840000 17.70710000
C -1.64231000 18.51480000 17.63250000
C -4.48931000 18.58790000 17.65040000
C -3.80454000 17.34500000 17.57490000
C -6.65388000 17.41860000 17.61580000
C -5.96873000 16.17610000 17.54070000
C -8.81908000 16.24960000 17.61050000
C -8.13380000 15.00730000 17.53610000
C 38.03120000 15.08020000 17.63590000
C 26.42970000 36.24950000 17.07480000
C 23.58840000 36.33240000 17.07270000
C 24.26310000 35.08210000 17.11400000
C 21.42300000 35.16480000 17.13970000
C 22.09770000 33.91460000 17.18130000
C 19.25940000 33.99690000 17.23390000
C 19.93440000 32.74690000 17.27450000
C 17.09870000 32.82810000 17.35170000
C 17.77390000 31.57810000 17.38830000
C 14.94150000 31.65730000 17.48490000
C 15.61700000 30.40720000 17.51380000
C 12.78790000 30.48330000 17.62140000
C 13.46390000 29.23310000 17.63850000
C 10.63760000 29.30530000 17.74660000
C 11.31430000 28.05510000 17.74930000
C 8.48924000 28.12320000 17.84710000
C 9.16710000 26.87340000 17.83470000
C 6.34136000 26.93840000 17.91370000
C 7.02080000 25.68950000 17.88700000
C 4.19223000 25.75290000 17.94180000
C 4.87362000 24.50530000 17.90310000
C 2.04038000 24.56900000 17.93240000
C 2.72393000 23.32300000 17.88400000
C -0.11497100 23.38860000 17.89190000
C 0.57067100 22.14430000 17.83670000
C -2.27375000 22.21220000 17.83300000
C -1.58646000 20.96930000 17.77390000
C -4.43538000 21.03920000 17.77190000
C -3.74702000 19.79740000 17.71140000
C -6.59908000 19.86860000 17.72470000
C -5.91009000 18.62750000 17.66430000
C -8.76391000 18.69920000 17.70280000
C -8.07461000 17.45840000 17.64340000
C 38.08630000 17.53000000 17.71160000
C 26.50150000 38.70930000 17.00860000
C 23.65980000 38.79260000 17.00620000
C 24.33430000 37.54170000 17.03290000
C 21.49330000 37.62500000 17.05820000
C 22.16780000 36.37420000 17.08540000
C 19.32800000 36.45720000 17.13910000
C 20.00260000 35.20650000 17.16630000
C 17.16470000 35.28890000 17.24810000
C 17.83950000 34.03840000 17.27390000
C 15.00420000 34.11930000 17.38100000
C 15.67930000 32.86910000 17.40310000
C 12.84700000 32.94740000 17.52830000
C 13.52260000 31.69730000 17.54390000
C 10.69300000 31.77170000 17.67570000
C 11.36930000 30.52180000 17.68230000
C 8.54136000 30.59140000 17.80680000
C 9.21888000 29.34200000 17.80310000
C 6.39092000 29.40700000 17.90760000
C 7.07025000 28.15830000 17.89390000
C 4.24025000 28.21990000 17.96940000
C 4.92194000 26.97240000 17.94700000
C 2.08794000 27.03260000 17.98980000
C 2.77237000 25.78670000 17.96040000
C -0.06704040 25.84780000 17.97210000
C 0.62015100 24.60370000 17.93760000
C -2.22499000 24.66720000 17.92600000
C -1.53552000 23.42470000 17.88820000
C -4.38564000 23.49100000 17.86630000
C -3.69460000 22.24980000 17.82710000
C -6.54847000 22.31840000 17.81040000
C -5.85650000 21.07800000 17.77120000
C -8.71280000 21.14800000 17.77320000
C -8.02033000 19.90820000 17.73510000
C -10.87770000 19.97870000 17.76430000
C -10.18510000 18.73920000 17.72760000
C 35.97290000 18.80940000 17.78610000
C 24.40620000 40.00210000 16.98100000
C 21.56480000 40.08560000 17.00570000
C 22.23910000 38.83440000 17.01870000
C 19.39840000 38.91770000 17.07160000
C 20.07280000 37.66660000 17.08490000
C 17.23350000 37.74940000 17.16720000
C 17.90790000 36.49850000 17.18020000
C 15.07060000 36.58030000 17.29090000
C 15.74520000 35.32970000 17.30290000
C 12.91040000 35.40930000 17.43680000
C 13.58530000 34.15910000 17.44640000
C 10.75290000 34.23530000 17.59280000
C 11.42850000 32.98550000 17.59880000
C 8.59768000 33.05690000 17.74230000
C 9.27441000 31.80760000 17.74380000
C 6.44384000 31.87360000 17.86810000
C 7.12236000 30.62510000 17.86510000
C 4.29031000 30.68630000 17.95750000
C 4.97130000 29.43880000 17.95040000
C 2.13607000 29.49690000 18.00440000
C 2.82005000 28.25090000 17.99410000
C -0.01980490 28.30850000 18.00940000
C 0.66734200 27.06420000 17.99680000
C -2.17784000 27.12380000 17.97880000
C -1.48790000 25.88110000 17.96480000
C -4.33804000 25.94390000 17.92510000
C -3.64607000 24.70260000 17.91050000
C -6.50021000 24.76870000 17.86500000
C -5.80696000 23.52850000 17.85060000
C -8.66397000 23.59690000 17.81520000
C -7.97003000 22.35740000 17.80200000
C -10.82870000 22.42710000 17.78910000
C -10.13450000 21.18790000 17.77740000
C 36.02160000 21.25790000 17.79320000
C 22.31110000 41.29510000 16.98050000
C 19.47000000 41.37840000 17.03240000
C 20.14420000 40.12710000 17.03180000
C 17.30410000 40.21000000 17.11290000
C 17.97830000 38.95890000 17.11240000
C 15.13970000 39.04080000 17.22280000
C 15.81390000 37.78990000 17.22260000
C 12.97730000 37.87020000 17.35880000
C 13.65170000 36.61960000 17.35890000
C 10.81710000 36.69700000 17.51170000
C 11.49190000 35.44690000 17.51240000
C 8.65876000 35.51980000 17.66680000
C 9.33449000 34.27050000 17.66830000
C 6.50152000 34.33780000 17.80600000
C 7.17881000 33.08920000 17.80890000
C 4.34466000 33.15090000 17.91400000
C 5.02419000 31.90330000 17.91840000
C 2.18758000 31.96070000 17.98130000
C 2.86990000 30.71440000 17.98730000
C 0.02972400 30.77000000 18.00550000
C 0.71515800 29.52500000 18.01300000
C -2.12935000 29.58180000 17.99040000
C -1.44093000 28.33840000 17.99920000
C -4.28983000 28.39840000 17.94520000
C -3.59904000 27.15640000 17.95520000
C -6.45173000 27.22020000 17.88460000
C -5.75936000 25.97950000 17.89590000
C -8.61503000 26.04650000 17.82580000
C -7.92174000 24.80650000 17.83840000
C -10.77940000 24.87570000 17.78420000
C -10.08570000 23.63620000 17.79830000
C -12.94440000 23.70640000 17.77020000
C -12.25060000 22.46710000 17.78600000
C 33.90630000 22.53730000 17.78730000
C 18.04980000 41.41950000 17.07260000
C 15.21050000 41.50130000 17.18160000
C 15.88440000 40.25030000 17.16770000
C 13.04680000 40.33060000 17.30330000
C 13.72070000 39.07990000 17.29100000
C 10.88470000 39.15750000 17.44540000
C 11.55890000 37.90730000 17.43620000
C 8.72403000 37.98090000 17.59520000
C 9.39885000 36.73140000 17.59100000
C 6.56404000 36.79970000 17.73620000
C 7.24008000 35.55090000 17.73850000
C 4.40417000 35.61340000 17.85200000
C 5.08201000 34.36560000 17.86160000
C 2.24416000 34.42320000 17.93100000
C 2.92427000 33.17640000 17.94770000
C 0.08385980 33.23130000 17.96850000
C 0.76656700 31.98560000 17.99130000
C -2.07690000 32.04070000 17.96550000
C -1.39152000 30.79630000 17.99340000
C -4.23830000 30.85430000 17.92840000
C -3.55054000 29.61120000 17.96050000
C -6.40046000 29.67330000 17.86950000
C -5.71093000 28.43140000 17.90450000
C -8.56354000 28.49740000 17.80460000
C -7.87291000 27.25640000 17.84170000
C -10.72760000 27.32540000 17.75020000
C -10.03640000 26.08490000 17.78900000
C -12.89250000 26.15550000 17.71910000
C -12.20110000 24.91530000 17.75940000
C 33.95770000 24.98660000 17.71850000
C 13.79140000 41.54020000 17.24920000
C 10.95460000 41.61770000 17.40310000
C 11.62830000 40.36750000 17.38080000
C 8.79237000 40.44120000 17.54100000
C 9.46651000 39.19150000 17.52590000
C 6.63047000 39.26020000 17.67450000
C 7.30549000 38.01120000 17.66960000
C 4.46837000 38.07440000 17.78800000
C 5.14472000 36.82620000 17.79500000
C 2.30593000 36.88430000 17.86920000
C 2.98395000 35.63700000 17.88850000
C 0.14335100 35.69190000 17.91180000
C 0.82326300 34.44550000 17.94240000
C -2.01921000 34.50000000 17.91490000
C -1.33730000 33.25450000 17.95530000
C -4.18178000 33.31140000 17.88280000
C -3.49795000 32.06690000 17.93090000
C -6.34453000 32.12800000 17.82500000
C -5.65905000 30.88460000 17.87880000
C -8.50770000 30.95000000 17.75580000
C -7.82106000 29.70750000 17.81330000
C -10.67160000 29.77650000 17.69110000
C -9.98427000 28.53460000 17.75070000
C -12.83630000 28.60590000 17.64500000
C -12.14870000 27.36430000 17.70580000
C -15.00150000 27.43680000 17.62690000
C -14.31390000 26.19520000 17.68880000
C 31.84880000 26.26810000 17.64040000
C 9.53634000 41.65140000 17.48380000
C 6.69953000 41.72020000 17.63400000
C 7.37391000 40.47100000 17.61640000
C 4.53602000 40.53450000 17.73780000
C 5.21132000 39.28600000 17.73520000
C 2.37192000 39.34450000 17.81300000
C 3.04836000 38.09670000 17.82650000
C 0.20760200 38.15190000 17.85260000
C 0.88526800 36.90480000 17.88190000
C -1.95649000 36.95930000 17.85470000
C -1.27756000 35.71280000 17.89820000
C -4.12013000 35.76940000 17.82210000
C -3.43996000 34.52350000 17.87760000
C -6.28348000 34.58420000 17.76260000
C -5.60212000 33.33910000 17.82720000
C -8.44687000 33.40440000 17.68860000
C -7.76451000 32.16010000 17.75900000
C -10.61070000 32.22940000 17.61510000
C -9.92765000 30.98570000 17.68860000
C -12.77530000 31.05790000 17.55600000
C -12.09180000 29.81460000 17.63090000
C -14.94060000 29.88840000 17.52190000
C -14.25700000 28.64520000 17.59740000
C 31.90910000 28.71980000 17.51850000
C 5.28049000 41.74560000 17.69590000
C 2.44068000 41.80420000 17.77690000
C 3.11620000 40.55610000 17.77790000
C 0.27528600 40.61170000 17.80710000
C 0.95150700 39.36390000 17.82700000
C -1.88988000 39.41880000 17.80180000
C -1.21302000 38.17140000 17.83950000
C -4.05436000 38.22810000 17.76290000
C -3.37689000 36.98100000 17.81630000
C -6.21815000 37.04170000 17.69740000
C -5.54007000 35.79510000 17.76320000
C -8.38167000 35.86050000 17.61650000
C -7.70293000 34.61450000 17.69060000
C -10.54550000 34.68430000 17.53410000
C -9.86615000 33.43880000 17.61270000
C -12.71000000 33.51180000 17.46360000
C -12.03020000 32.26670000 17.54390000
C -14.87540000 32.34180000 17.41520000
C -14.19530000 31.09680000 17.49590000
C -17.04120000 31.17310000 17.39570000
C -16.36110000 29.92810000 17.47650000
C 29.80840000 30.00500000 17.40760000
C 1.02045000 41.82320000 17.79250000
C -1.82087000 41.87830000 17.77030000
C -1.14509000 40.63030000 17.79530000
C -3.98585000 40.68730000 17.72060000
C -3.30999000 39.43940000 17.76380000
C -6.14991000 39.50030000 17.64480000
C -5.47394000 38.25240000 17.70300000
C -8.31344000 38.31820000 17.55390000
C -7.63720000 37.07060000 17.62280000
C -10.47710000 37.14100000 17.46120000
C -9.80049000 35.89380000 17.53620000
C -12.64150000 35.96780000 17.37940000
C -11.96450000 34.72090000 17.45690000
C -14.80690000 34.79730000 17.31820000
C -14.12950000 33.55050000 17.39600000
C -16.97290000 33.62840000 17.28410000
C -16.29540000 32.38160000 17.36160000
C 29.87610000 32.46020000 17.28010000
C -3.24078000 41.89830000 17.73350000
C -6.08010000 41.95970000 17.61630000
C -5.40518000 40.71090000 17.66110000
C -8.24352000 40.77720000 17.51250000
C -7.56869000 39.52840000 17.56970000
C -10.40700000 39.59940000 17.40750000
C -9.73199000 38.35080000 17.47220000
C -12.57120000 38.42570000 17.31360000
C -11.89590000 37.17720000 17.38170000
C -14.73640000 37.25470000 17.24000000
C -14.06070000 36.00630000 17.30880000
C -16.90250000 36.08550000 17.19240000
C -16.22660000 34.83720000 17.26070000
C -19.06910000 34.91730000 17.17370000
C -18.39320000 33.66890000 17.24150000
C 27.77960000 33.74950000 17.18480000
C -7.49870000 41.98730000 17.54180000
C -10.33610000 42.05890000 17.38040000
C -9.66189000 40.80930000 17.43100000
C -12.50000000 40.88490000 17.27290000
C -11.82560000 39.63520000 17.32780000
C -14.66490000 39.71370000 17.18640000
C -13.99030000 38.46410000 17.24240000
C -16.83100000 38.54430000 17.12590000
C -16.15610000 37.29470000 17.18150000
C -18.99770000 37.37580000 17.09340000
C -18.32270000 36.12620000 17.14840000
C 27.85050000 36.20800000 17.08980000
C -11.75460000 42.09460000 17.30100000
C -14.59320000 42.17370000 17.16050000
C -13.91900000 40.92320000 17.20220000
C -16.75900000 41.00410000 17.08670000
C -16.08460000 39.75370000 17.12830000
C -18.92570000 39.83560000 17.04110000
C -18.25120000 38.58510000 17.08200000
C -21.09290000 38.66760000 17.02360000
C -20.41830000 37.41720000 17.06410000
C 25.75510000 37.49990000 17.03410000
C -16.01280000 42.21370000 17.10280000
C -18.85350000 42.29610000 17.01640000
C -18.17920000 41.04510000 17.04330000
C -21.02070000 41.12810000 16.98560000
C -20.34630000 39.87700000 17.01200000
C 25.82710000 39.96030000 16.98230000
C -20.27410000 42.33760000 16.98770000
C -23.11570000 42.42110000 16.95820000
C -22.44150000 41.16980000 16.97080000
C 23.73190000 41.25340000 16.96830000
