B 78.72000000 2.93342475 63.42580000
B 1.27039596 0.73345981 63.44900000
B 2.54096195 2.93360473 63.41640000
B 3.81105562 0.73372705 63.41640000
N 0.00000000 0.00000000 63.45750000
N 1.27043374 2.20012310 63.43690000
N 2.54058724 0.00015844 63.43690000
N 3.81118157 2.20038489 63.41060000
B 79.99050931 5.13318789 63.37040000
B 81.26075098 7.33307102 63.30630000
B 3.81124454 5.13350422 63.36020000
N 78.72000000 4.39983716 63.39160000
N 79.99046208 6.59963303 63.32820000
N 2.54091786 4.40007713 63.38570000
N 3.81108710 6.60001480 63.32110000
B 82.53055181 9.53278508 63.23730000
N 81.26066281 8.79956524 63.26530000
N 82.53039437 10.99878845 63.19180000
B 5.08150195 2.93380652 63.38300000
B 6.35135002 0.73386885 63.36020000
B 7.62129254 2.93356110 63.31860000
B 8.89120358 0.73360707 63.28780000
N 5.08102963 0.00045196 63.38570000
N 6.35150746 2.20045579 63.35830000
N 7.62132403 0.00048371 63.32110000
N 8.89120358 2.20009038 63.28240000
B 5.08093517 7.33323464 63.28780000
B 6.35119258 5.13344422 63.31860000
B 7.62015898 7.33268925 63.22780000
B 8.89013299 5.13271886 63.23590000
N 5.08140749 4.40033346 63.35830000
N 6.35094067 6.59996026 63.28240000
N 7.62107213 4.40001714 63.29480000
N 8.88978662 6.59914218 63.20020000
B 83.79995904 11.73151744 63.14870000
B 6.35021645 9.53245785 63.20030000
B 7.61934029 11.73091751 63.09720000
B 8.88909389 9.53158523 63.12570000
N 5.08077773 8.79961978 63.24690000
N 6.35005901 10.99840668 63.15470000
N 7.62000154 8.79907439 63.18920000
N 8.88906240 10.99764313 63.08620000
B 85.06905139 13.92921356 63.03540000
B 86.33823821 16.12680061 62.91460000
B 8.88852710 13.92883179 62.98500000
N 83.79967565 13.19681181 63.09080000
N 85.06873651 15.39418069 62.96850000
N 7.61911987 13.19626642 63.04290000
N 8.88827520 15.39401708 62.92580000
B 87.60761395 18.32520574 62.81040000
N 86.33804928 17.59209497 62.85220000
N 87.60761395 19.79110003 62.76220000
B 10.16035891 2.93291208 63.22780000
B 11.43045888 0.73321984 63.20030000
B 12.69914189 2.93237215 63.12570000
B 13.96892698 0.73309985 63.09720000
N 10.16108314 0.00024881 63.24690000
N 11.43023846 2.19956135 63.18920000
N 12.69992909 0.00010177 63.15470000
N 13.96876954 2.19932683 63.08620000
B 10.15859558 7.33165301 63.13080000
B 11.42869555 5.13179170 63.13080000
B 12.69728410 7.33078039 63.02740000
B 13.96763597 5.13130085 63.03030000
N 10.15991808 4.39919360 63.20020000
N 11.42822323 6.59810594 63.09510000
N 12.69857510 4.39850641 63.09640000
N 13.96722662 6.59756055 62.99700000
B 10.15834368 11.73020851 63.02400000
B 11.42765645 9.53065807 63.03030000
B 12.69715814 11.72955404 62.94090000
B 13.96659686 9.53000360 62.93900000
N 10.15853261 8.79803815 63.09640000
N 11.42784538 10.99682505 62.99910000
N 12.69725261 8.79716553 62.99700000
N 13.96684877 10.99617059 62.91240000
B 10.15777690 16.12690969 62.87620000
B 11.42768794 13.92855910 62.92420000
B 12.69674880 16.12680061 62.82400000
B 13.96640794 13.92801371 62.84980000
N 10.15834368 13.19583011 62.98000000
N 11.42756198 15.39407162 62.87590000
N 12.69731558 13.19539380 62.90610000
N 13.96634496 15.39363531 62.80820000
B 88.87708416 20.52431987 62.73020000
B 11.42693222 18.32547843 62.78010000
B 12.69615053 20.52437441 62.69780000
B 13.96562074 18.32520574 62.72620000
N 10.15758797 17.59242221 62.82190000
N 11.42693222 19.79142726 62.73740000
N 12.69662285 17.59253128 62.77770000
N 13.96568371 19.79131818 62.68980000
B 90.14652288 22.72337946 62.66130000
B 91.41599309 24.92211182 62.59060000
B 13.96558925 22.72327038 62.62520000
N 88.87717862 21.99032324 62.69300000
N 90.14661734 24.18911014 62.62510000
N 12.69627648 21.99037778 62.66450000
N 13.96574669 24.18911014 62.59450000
B 92.68574669 27.12095326 62.52290000
N 91.41608755 26.38778796 62.55230000
N 92.68593562 28.58701117 62.49050000
B 15.23783040 2.93226853 63.02400000
B 16.50701722 0.73326892 62.98500000
B 17.77632998 2.93237760 62.92420000
B 19.04520192 0.73342163 62.87620000
N 15.23786189 0.00022006 63.04290000
N 16.50711168 2.19943591 62.98000000
N 17.77576320 0.00046143 62.92580000
N 19.04545382 2.19952317 62.87590000
B 15.23650790 7.33039862 62.93900000
B 16.50667085 5.13127903 62.94090000
B 17.77554278 7.33034408 62.85780000
B 19.04520192 5.13125722 62.84980000
N 15.23745254 4.39838097 62.99910000
N 16.50641894 6.59750601 62.91240000
N 17.77620403 4.39849005 62.90610000
N 19.04504448 6.59750601 62.82550000
B 15.23600410 11.72889958 62.85780000
B 16.50572621 9.52956729 62.85840000
B 17.77481856 11.72829965 62.77580000
B 19.04444621 9.52929460 62.77580000
N 15.23650790 8.79678376 62.91130000
N 16.50588365 10.99573428 62.83230000
N 17.77551130 8.79662014 62.83230000
N 19.04454067 10.99535250 62.75060000
B 15.23515392 16.12614614 62.74850000
B 16.50497050 13.92719563 62.76560000
B 17.77365350 16.12538260 62.66240000
B 19.04369050 13.92665024 62.68180000
N 15.23609856 13.19473933 62.82550000
N 16.50484454 15.39287176 62.72520000
N 17.77481856 13.19408486 62.74280000
N 19.04356454 15.39232638 62.64270000
B 15.23477606 20.52410171 62.64070000
B 16.50396288 18.32460581 62.64830000
B 17.77352755 20.52382902 62.57020000
B 19.04287181 18.32422404 62.57040000
N 15.23509094 17.59198590 62.70720000
N 16.50418330 19.79082733 62.61830000
N 17.77362202 17.59133143 62.62400000
N 19.04318669 19.79055464 62.54630000
B 15.23534285 24.92222090 62.56080000
B 16.50456115 22.72327038 62.57490000
B 17.77462963 24.92249359 62.52770000
B 19.04369050 22.72332492 62.52200000
N 15.23505946 21.99021416 62.61530000
N 16.50490752 24.18927375 62.55540000
N 17.77399987 21.99010508 62.55440000
N 19.04419430 24.18943737 62.51270000
B 93.95578368 29.32044916 62.47630000
B 16.50531686 27.12138957 62.50970000
B 17.77519642 29.32094001 62.47720000
B 19.04457216 27.12177134 62.49110000
N 15.23553178 26.38806065 62.53100000
N 16.50553728 28.58750202 62.48650000
N 17.77494451 26.38849696 62.50970000
N 19.04479258 28.58799287 62.47670000
B 95.22569472 31.52038138 62.45950000
B 96.49547981 33.72004090 62.45990000
B 19.04495002 31.52065407 62.46240000
N 93.95603558 30.78688884 62.45950000
N 95.22594662 32.98676652 62.45660000
N 17.77544832 30.78732515 62.46670000
N 19.04517043 32.98698467 62.46300000
B 97.76529638 35.91948226 62.45990000
N 96.49570022 35.18620788 62.45990000
N 97.76561126 37.38554017 62.45660000
B 20.31457766 2.93229579 62.82400000
B 21.58379597 0.73327983 62.78010000
B 22.85291981 2.93195765 62.72620000
B 24.12270490 0.73299078 62.69780000
N 20.31429427 0.00051078 62.82190000
N 21.58389043 2.19932683 62.77770000
N 22.85332915 0.00030183 62.73740000
N 24.12261043 2.19897778 62.68980000
B 20.31382195 7.33007139 62.76560000
B 21.58322918 5.13095725 62.74850000
B 22.85181773 7.32974415 62.66240000
B 24.12157133 5.13054276 62.64830000
N 20.31448320 4.39837006 62.80820000
N 21.58304026 6.59717878 62.72520000
N 22.85266790 4.39796648 62.70720000
N 24.12135091 6.59674247 62.62400000
B 20.31347558 11.72797242 62.69130000
B 21.58269389 9.52896736 62.68180000
B 22.85213261 11.72791788 62.60630000
B 24.12116198 9.52880375 62.58740000
N 20.31382195 8.79640199 62.74280000
N 21.58288282 10.99513435 62.66140000
N 22.85191219 8.79607476 62.64270000
N 24.12153984 10.99502527 62.57360000
B 20.31278285 16.12510990 62.58740000
B 21.58272538 13.92654116 62.60630000
B 22.85232154 16.12538260 62.53050000
B 24.12191770 13.92675932 62.54000000
N 20.31350707 13.19375763 62.66140000
N 21.58275686 15.39232638 62.57360000
N 22.85235302 13.19381217 62.58460000
N 24.12207514 15.39270815 62.51600000
B 20.31287731 20.52377448 62.51020000
B 21.58247347 18.32433311 62.51360000
B 22.85251046 20.52393810 62.46840000
B 24.12207514 18.32466035 62.47190000
N 20.31284582 17.59116781 62.55340000
N 21.58281984 19.79071826 62.49420000
N 22.85244749 17.59149505 62.50320000
N 24.12239002 19.79104549 62.45630000
B 20.31382195 24.92265721 62.48950000
B 21.58307174 22.72337946 62.47680000
B 22.85301427 24.92265721 62.44700000
B 24.12251597 22.72343400 62.43790000
N 20.31341261 21.99015962 62.50070000
N 21.58354406 24.18954645 62.47100000
N 22.85298278 21.99026870 62.46080000
N 24.12289382 24.18954645 62.43120000
B 20.31423130 29.32121271 62.46080000
B 21.58357555 27.12188042 62.45540000
B 22.85320320 29.32148540 62.42150000
B 24.12273638 27.12198950 62.40970000
N 20.31413683 26.38871512 62.47880000
N 21.58379597 28.58821102 62.44540000
N 22.85329766 26.38876966 62.43710000
N 24.12295680 28.58837464 62.40090000
B 20.31473510 33.72031359 62.45880000
B 21.58398490 31.52098130 62.44200000
B 22.85402189 33.72074990 62.44200000
B 24.12320870 31.52147215 62.40640000
N 20.31448320 30.78765239 62.45620000
N 21.58426829 32.98731191 62.44930000
N 22.85351808 30.78797962 62.42190000
N 24.12358656 32.98780275 62.42190000
B 99.03539635 38.11897816 62.45950000
B 21.58477210 35.91980949 62.46240000
B 22.85493504 38.11925086 62.47720000
B 24.12418483 35.92024580 62.46080000
N 20.31498701 35.18642604 62.46300000
N 21.58508698 37.38586740 62.46670000
N 22.85433677 35.18680781 62.45620000
N 24.12446822 37.38624917 62.47670000
B 100.30559078 40.31869222 62.47630000
B 101.57540736 42.51835174 62.52290000
B 24.12484608 40.31880130 62.50970000
N 99.03577421 39.58525423 62.45950000
N 100.30590566 41.78513190 62.49050000
N 22.85524992 39.58552692 62.48650000
N 24.12506650 41.78513190 62.53100000
B 102.84481459 44.71741134 62.59060000
N 101.57556480 43.98446419 62.55230000
N 102.84490906 46.18319655 62.62510000
B 25.39176576 2.93166314 62.64070000
B 26.66173978 0.73288715 62.62520000
B 27.93120998 2.93172314 62.57490000
B 29.20096358 0.73307259 62.56080000
N 25.39236403 0.00010629 62.66450000
N 26.66164531 2.19884144 62.61530000
N 27.93127296 0.00013502 62.59450000
N 29.20096358 2.19903778 62.55540000
B 25.39066368 7.32947146 62.57040000
B 26.66092109 5.13040641 62.57020000
B 27.93058022 7.32952600 62.51020000
B 29.20083763 5.13065184 62.52200000
N 25.39145088 4.39760652 62.61830000
N 26.66073216 6.59657885 62.54630000
N 27.93098957 4.39767197 62.55440000
N 29.20074317 6.59685155 62.50070000
B 25.39116749 11.72797242 62.53050000
B 26.66057472 9.52880375 62.51360000
B 27.93067469 11.72797242 62.47190000
B 29.20052275 9.52885829 62.46840000
N 25.39082112 8.79585660 62.55340000
N 26.66092109 10.99502527 62.50320000
N 27.93067469 8.79591114 62.49420000
N 29.20074317 10.99507981 62.45630000
B 25.39163981 16.12570983 62.47960000
B 26.66111002 13.92692293 62.47960000
B 27.93070618 16.12581891 62.42270000
B 29.20045978 13.92686839 62.42440000
N 25.39151386 13.19397579 62.51600000
N 26.66129894 15.39292630 62.46000000
N 27.93092659 13.19403033 62.45810000
N 29.20055424 15.39281722 62.40280000
B 25.39192320 20.52415625 62.42980000
B 26.66123597 18.32487850 62.42440000
B 27.93098957 20.52437441 62.37970000
B 29.20027085 18.32498758 62.36510000
N 25.39182874 17.59187682 62.45810000
N 26.66151936 19.79131818 62.41170000
N 27.93086362 17.59198590 62.40280000
N 29.20055424 19.79142726 62.35470000
B 25.39236403 24.92276629 62.40510000
B 26.66180275 22.72365215 62.39650000
B 27.93187123 24.92309352 62.36800000
B 29.20108954 22.72397939 62.35080000
N 25.39230106 21.99048685 62.42310000
N 26.66214912 24.18976460 62.39130000
N 27.93136742 21.99070501 62.37660000
N 29.20146739 24.19014637 62.35220000
B 25.39264742 29.32181263 62.37990000
B 26.66230656 27.12226219 62.37200000
B 27.93246950 29.32219440 62.35730000
B 29.20203418 27.12269850 62.35010000
N 25.39261594 26.38887873 62.39480000
N 26.66255846 28.58864733 62.36610000
N 27.93212314 26.38920597 62.36240000
N 29.20228608 28.58908364 62.35010000
B 25.39346611 33.72129529 62.42150000
B 26.66287334 31.52190846 62.37990000
B 27.93300480 33.72162252 62.40970000
B 29.20256947 31.52212662 62.37200000
N 25.39296230 30.78836139 62.38450000
N 26.66325120 32.98823907 62.40090000
N 27.93278438 30.78874316 62.36610000
N 29.20288435 32.98840268 62.39480000
B 25.39415885 38.11957809 62.49110000
B 26.66353459 35.92062758 62.45540000
B 27.93325670 38.11990532 62.48950000
B 29.20282138 35.92084573 62.44700000
N 25.39381248 35.18729866 62.44540000
N 26.66375501 37.38657641 62.47880000
N 27.93328819 35.18757135 62.43710000
N 29.20304179 37.38684910 62.47100000
B 25.39437926 42.51818813 62.56080000
B 26.66378650 40.31896492 62.52770000
B 27.93335117 42.51851536 62.57490000
B 29.20285286 40.31951031 62.52200000
N 25.39437926 39.58574508 62.50970000
N 26.66394394 41.78518644 62.55540000
N 27.93341414 39.58607231 62.51270000
N 29.20301030 41.78573183 62.55440000
B 104.11422182 46.91619824 62.66130000
B 26.66381798 44.71730226 62.62520000
B 27.93344563 46.91614370 62.69780000
B 29.20301030 44.71773857 62.64070000
N 25.39447373 43.98424604 62.59450000
N 26.66391245 46.18303293 62.66450000
N 27.93344563 43.98446419 62.61530000
N 29.20307328 46.18325109 62.68980000
B 105.38394394 49.11503967 62.73020000
B 106.65369754 51.31399019 62.81040000
B 29.20316774 49.11476698 62.78010000
N 104.11441075 48.38198345 62.69300000
N 105.38422733 50.58104304 62.76220000
N 27.93360307 48.38176529 62.73740000
N 29.20329370 50.58055219 62.82190000
B 107.92288435 53.51255893 62.91460000
N 106.65379200 52.78004810 62.85220000
N 107.92263245 54.97839869 62.96850000
B 30.47084314 2.93203401 62.52770000
B 31.74053376 0.73332892 62.50970000
B 33.01044480 2.93219217 62.49110000
B 34.28035584 0.73331256 62.47720000
N 30.47049677 0.00033802 62.53100000
N 31.74053376 2.19929956 62.50970000
N 33.01044480 0.00044493 62.48650000
N 34.28035584 2.19927775 62.47670000
B 30.47059123 7.32979869 62.47680000
B 31.74053376 5.13094089 62.48950000
B 33.01012992 7.32996231 62.44700000
B 34.28004096 5.13095725 62.45540000
N 30.47074867 4.39802102 62.51270000
N 31.74053376 6.59712424 62.47100000
N 33.01044480 4.39820099 62.47880000
N 34.28004096 6.59712424 62.43710000
B 30.47040230 11.72797242 62.42980000
B 31.74021888 9.52896736 62.43790000
B 33.01012992 11.72797242 62.39650000
B 34.28004096 9.52907644 62.40510000
N 30.47065421 8.79612929 62.46080000
N 31.74053376 10.99513435 62.42310000
N 33.01012992 8.79623837 62.43120000
N 34.28004096 10.99518889 62.39130000
B 30.47002445 16.12570983 62.36510000
B 31.74021888 13.92675932 62.37970000
B 33.01012992 16.12570983 62.32500000
B 34.28004096 13.92686839 62.35080000
N 30.47052826 13.19392125 62.41170000
N 31.74021888 15.39270815 62.35470000
N 33.01012992 13.19392125 62.37660000
N 34.28004096 15.39287176 62.32710000
B 30.47027635 20.52464710 62.32500000
B 31.73990400 18.32504212 62.31230000
B 33.01012992 20.52491979 62.28740000
B 34.28004096 18.32520574 62.28740000
N 30.47011891 17.59193136 62.34400000
N 31.74021888 19.79159088 62.30360000
N 33.01012992 17.59198590 62.30360000
N 34.28035584 19.79175449 62.27960000
B 30.47137843 24.92352983 62.33740000
B 31.74053376 22.72441570 62.31120000
B 33.01075968 24.92385706 62.31240000
B 34.28035584 22.72457931 62.28820000
N 30.47068570 21.99103224 62.32710000
N 31.74084864 24.19058268 62.31910000
N 33.01044480 21.99130494 62.29240000
N 34.28067072 24.19074630 62.29660000
B 30.47207117 29.32246710 62.35010000
B 31.74147840 27.12308027 62.33410000
B 33.01138944 29.32273979 62.33740000
B 34.28067072 27.12335297 62.31240000
N 30.47166182 26.38969682 62.33970000
N 31.74179328 28.58941087 62.33970000
N 33.01107456 26.39002405 62.31880000
N 34.28098560 28.58973811 62.31910000
B 30.47244902 33.72167706 62.40510000
B 31.74179328 31.52229023 62.36800000
B 33.01170432 33.72189522 62.39650000
B 34.28098560 31.52261747 62.35080000
N 30.47232307 30.78896132 62.36240000
N 31.74210816 32.98851176 62.39130000
N 33.01138944 30.78923401 62.35220000
N 34.28130048 32.98889353 62.37660000
B 30.47251200 38.12034163 62.47680000
B 31.74210816 35.92106389 62.43790000
B 33.01201920 38.12066887 62.46840000
B 34.28161536 35.92139112 62.42980000
N 30.47266944 35.18768043 62.43120000
N 31.74242304 37.38712179 62.46080000
N 33.01170432 35.18789859 62.42310000
N 34.28161536 37.38739449 62.45630000
B 30.47260646 42.51927890 62.57020000
B 31.74242304 40.32016477 62.51020000
B 33.01233408 42.51982429 62.57040000
B 34.28193024 40.32038293 62.51360000
N 30.47266944 39.58650862 62.50070000
N 31.74242304 41.78633176 62.54630000
N 33.01201920 39.58689039 62.49420000
N 34.28193024 41.78649537 62.55340000
B 30.47270093 46.91630731 62.72620000
B 31.74242304 44.71833850 62.64830000
B 33.01201920 46.91641639 62.74850000
B 34.28193024 44.71839303 62.66240000
N 30.47270093 43.98506412 62.61830000
N 31.74242304 46.18352378 62.70720000
N 33.01233408 43.98544589 62.62400000
N 34.28193024 46.18346924 62.72520000
B 30.47257498 51.31317211 62.87620000
B 31.74210816 49.11443975 62.82400000
B 33.01138944 51.31257218 62.92420000
B 34.28130048 49.11422159 62.84980000
N 30.47273242 48.38165622 62.77770000
N 31.74210816 50.57989773 62.87590000
N 33.01201920 48.38149260 62.80820000
N 34.28098560 50.57962503 62.90610000
B 109.19147290 55.71030959 63.03540000
B 31.74147840 53.51141362 62.98500000
B 33.01044480 55.70976421 63.09720000
B 34.28035584 53.51103185 63.02400000
N 30.47251200 52.77901186 62.92580000
N 31.74116352 54.97676252 63.04290000
N 33.01107456 52.77819378 62.98000000
N 34.28035584 54.97676252 63.08620000
B 110.46021888 57.90822387 63.14870000
B 111.72950016 60.10722893 63.23730000
B 34.27972608 57.90767848 63.20030000
N 109.19103206 57.17576758 63.09080000
N 110.45990400 59.37422724 63.19180000
N 33.01012992 57.17522219 63.15470000
N 34.27972608 59.37368185 63.24690000
B 112.99972608 62.30677937 63.30630000
N 111.72981504 61.57323230 63.26530000
N 112.99972608 63.77332813 63.32820000
B 35.54995200 2.93203401 62.46080000
B 36.82017792 0.73306168 62.46240000
B 38.09008896 2.93177222 62.44200000
B 39.36000000 0.73291988 62.45880000
N 35.55026688 0.00029543 62.46670000
N 36.82017792 2.19901596 62.45620000
N 38.09008896 0.00009848 62.46300000
N 39.36000000 2.19885780 62.44930000
B 35.54963712 7.32990777 62.40970000
B 36.81986304 5.13072274 62.42150000
B 38.08977408 7.32974415 62.37990000
B 39.36000000 5.13056457 62.40640000
N 35.54995200 4.39802102 62.44540000
N 36.81986304 6.59690609 62.40090000
N 38.08977408 4.39771560 62.42190000
N 39.36000000 6.59674247 62.38450000
B 35.54995200 11.72813603 62.36800000
B 36.81986304 9.52907644 62.37200000
B 38.09008896 11.72835419 62.35010000
B 39.36000000 9.52913098 62.35730000
N 35.54963712 8.79618383 62.39480000
N 36.81986304 10.99529797 62.36240000
N 38.08977408 8.79612929 62.36610000
N 39.36000000 10.99535250 62.35010000
B 35.55026688 16.12598253 62.31120000
B 36.82017792 13.92719563 62.33740000
B 38.09008896 16.12630976 62.31240000
B 39.36000000 13.92735924 62.33410000
N 35.54995200 13.19413940 62.35220000
N 36.82017792 15.39319900 62.31910000
N 38.09008896 13.19435756 62.33970000
N 39.36000000 15.39341715 62.31880000
B 35.55026688 20.52497433 62.27720000
B 36.82017792 18.32542389 62.28820000
B 38.09008896 20.52502887 62.28140000
B 39.36000000 18.32553297 62.29270000
N 35.55026688 17.59225859 62.29240000
N 36.82049280 19.79191811 62.28070000
N 38.09008896 17.59258582 62.29660000
N 39.36000000 19.79202719 62.28520000
B 35.55026688 24.92396614 62.29270000
B 36.82017792 22.72452478 62.28140000
B 38.09008896 24.92391160 62.28140000
B 39.36000000 22.72452478 62.28110000
N 35.55058176 21.99141401 62.28070000
N 36.82049280 24.19074630 62.28520000
N 38.09008896 21.99141401 62.28210000
N 39.36000000 24.19069176 62.28210000
B 35.55026688 29.32312156 62.31120000
B 36.82017792 27.12346204 62.28820000
B 38.09008896 29.32339426 62.28740000
B 39.36000000 27.12351658 62.27720000
N 35.55058176 26.39018766 62.29660000
N 36.82017792 28.58990172 62.29240000
N 38.09008896 26.39013313 62.28070000
N 39.36000000 28.58995626 62.27960000
B 35.55089664 33.72238607 62.37970000
B 36.82017792 31.52316286 62.32500000
B 38.09008896 33.72282238 62.36510000
B 39.36000000 31.52343555 62.31230000
N 35.55058176 30.78961578 62.32710000
N 36.82049280 32.98938438 62.35470000
N 38.09008896 30.78994302 62.30360000
N 39.36000000 32.98965707 62.34400000
B 35.55152640 38.12083248 62.47190000
B 36.82080768 35.92177289 62.42440000
B 38.09040384 38.12083248 62.47960000
B 39.36000000 35.92193651 62.42270000
N 35.55089664 35.18828036 62.41170000
N 36.82080768 37.38761264 62.45810000
N 38.09040384 35.18866213 62.40280000
N 39.36000000 37.38766718 62.46000000
B 35.55152640 42.51955160 62.58740000
B 36.82112256 40.32011023 62.53050000
B 38.09071872 42.51906075 62.60630000
B 39.36000000 40.31994662 62.54000000
N 35.55152640 39.58694493 62.50320000
N 36.82112256 41.78611360 62.57360000
N 38.09071872 39.58683585 62.51600000
N 39.36000000 41.78589545 62.58460000
B 35.55121152 46.91619824 62.76560000
B 36.82112256 44.71784765 62.68180000
B 38.09040384 46.91587100 62.77580000
B 39.36000000 44.71757495 62.69130000
N 35.55152640 43.98511866 62.64270000
N 36.82112256 46.18303293 62.74280000
N 38.09071872 43.98462781 62.66140000
N 39.36000000 46.18276024 62.75060000
B 35.55058176 51.31268126 62.94090000
B 36.82049280 49.11427613 62.85780000
B 38.09008896 51.31311757 62.93900000
B 39.36000000 49.11433067 62.85840000
N 35.55121152 48.38127444 62.82550000
N 36.82049280 50.57978865 62.91240000
N 38.09040384 48.38116537 62.83230000
N 39.36000000 50.57989773 62.91130000
B 35.54995200 55.70976421 63.12570000
B 36.82017792 53.51152269 63.03030000
B 38.08977408 55.71030959 63.13080000
B 39.36000000 53.51195901 63.02740000
N 35.55026688 52.77830285 62.99910000
N 36.81986304 54.97676252 63.09640000
N 38.09008896 52.77879370 62.99700000
N 39.36000000 54.97730791 63.09510000
B 35.54963712 60.10668354 63.28780000
B 36.81986304 57.90767848 63.22780000
B 38.08977408 60.10668354 63.31860000
B 39.36000000 57.90822387 63.23590000
N 35.54963712 57.17467680 63.18920000
N 36.81986304 59.37368185 63.28240000
N 38.08977408 57.17522219 63.20020000
N 39.36000000 59.37368185 63.29480000
B 114.26963712 64.50687520 63.37040000
B 36.81986304 62.30623398 63.36020000
B 38.08977408 64.50632981 63.41640000
B 39.36000000 62.30568859 63.38300000
N 35.54963712 61.57323230 63.32110000
N 36.81986304 63.77278274 63.38570000
N 38.08977408 61.57268691 63.35830000
N 39.36000000 63.77278274 63.41060000
B 115.53954816 66.70697103 63.42580000
B 77.44945920 0.73354707 63.44900000
B 39.36000000 66.70642564 63.44900000
N 114.26963712 65.97342396 63.39160000
N 76.17954816 0.00000000 63.43690000
N 38.08977408 65.97342396 63.43690000
N 77.44945920 2.20009583 63.43690000
B 40.62991104 2.93177222 62.44200000
B 41.89982208 0.73306168 62.46240000
B 43.17004800 2.93203401 62.46080000
B 44.43964416 0.73331256 62.47720000
N 40.62991104 0.00009848 62.46300000
N 41.89982208 2.19901596 62.45620000
N 43.16973312 0.00029543 62.46670000
N 44.43964416 2.19927775 62.47670000
B 40.63022592 7.32974415 62.37990000
B 41.90013696 5.13072274 62.42150000
B 43.17036288 7.32990777 62.40970000
B 44.43995904 5.13095725 62.45540000
N 40.63022592 4.39771560 62.42190000
N 41.90013696 6.59690609 62.40090000
N 43.17004800 4.39802102 62.44540000
N 44.43995904 6.59712424 62.43710000
B 40.62991104 11.72835419 62.35010000
B 41.90013696 9.52907644 62.37200000
B 43.17004800 11.72813603 62.36800000
B 44.43995904 9.52907644 62.40510000
N 40.63022592 8.79612929 62.36610000
N 41.90013696 10.99529797 62.36240000
N 43.17036288 8.79618383 62.39480000
N 44.43995904 10.99518889 62.39130000
B 40.62991104 16.12630976 62.31240000
B 41.89982208 13.92719563 62.33740000
B 43.16973312 16.12598253 62.31120000
B 44.43995904 13.92686839 62.35080000
N 40.62991104 13.19435756 62.33970000
N 41.89982208 15.39319900 62.31910000
N 43.17004800 13.19413940 62.35220000
N 44.43995904 15.39287176 62.32710000
B 40.62991104 20.52502887 62.28140000
B 41.89982208 18.32542389 62.28820000
B 43.16973312 20.52497433 62.27720000
B 44.43995904 18.32520574 62.28740000
N 40.62991104 17.59258582 62.29660000
N 41.89950720 19.79191811 62.28070000
N 43.16973312 17.59225859 62.29240000
N 44.43964416 19.79175449 62.27960000
B 40.62991104 24.92391160 62.28140000
B 41.89982208 22.72452478 62.28140000
B 43.16973312 24.92396614 62.29270000
B 44.43964416 22.72457931 62.28820000
N 40.62991104 21.99141401 62.28210000
N 41.89950720 24.19074630 62.28520000
N 43.16941824 21.99141401 62.28070000
N 44.43932928 24.19074630 62.29660000
B 40.62991104 29.32339426 62.28740000
B 41.89982208 27.12346204 62.28820000
B 43.16973312 29.32312156 62.31120000
B 44.43932928 27.12335297 62.31240000
N 40.62991104 26.39013313 62.28070000
N 41.89982208 28.58990172 62.29240000
N 43.16941824 26.39018766 62.29660000
N 44.43901440 28.58973811 62.31910000
B 40.62991104 33.72282238 62.36510000
B 41.89982208 31.52316286 62.32500000
B 43.16910336 33.72238607 62.37970000
B 44.43901440 31.52261747 62.35080000
N 40.62991104 30.78994302 62.30360000
N 41.89950720 32.98938438 62.35470000
N 43.16941824 30.78961578 62.32710000
N 44.43869952 32.98889353 62.37660000
B 40.62959616 38.12083248 62.47960000
B 41.89919232 35.92177289 62.42440000
B 43.16847360 38.12083248 62.47190000
B 44.43838464 35.92139112 62.42980000
N 40.62959616 35.18866213 62.40280000
N 41.89919232 37.38761264 62.45810000
N 43.16910336 35.18828036 62.41170000
N 44.43838464 37.38739449 62.45630000
B 40.62928128 42.51906075 62.60630000
B 41.89887744 40.32011023 62.53050000
B 43.16847360 42.51955160 62.58740000
B 44.43806976 40.32038293 62.51360000
N 40.62928128 39.58683585 62.51600000
N 41.89887744 41.78611360 62.57360000
N 43.16847360 39.58694493 62.50320000
N 44.43806976 41.78649537 62.55340000
B 40.62959616 46.91587100 62.77580000
B 41.89887744 44.71784765 62.68180000
B 43.16878848 46.91619824 62.76560000
B 44.43806976 44.71839303 62.66240000
N 40.62928128 43.98462781 62.66140000
N 41.89887744 46.18303293 62.74280000
N 43.16847360 43.98511866 62.64270000
N 44.43806976 46.18346924 62.72520000
B 40.62991104 51.31311757 62.93900000
B 41.89950720 49.11427613 62.85780000
B 43.16941824 51.31268126 62.94090000
B 44.43869952 49.11422159 62.84980000
N 40.62959616 48.38116537 62.83230000
N 41.89950720 50.57978865 62.91240000
N 43.16878848 48.38127444 62.82550000
N 44.43901440 50.57962503 62.90610000
B 40.63022592 55.71030959 63.13080000
B 41.89982208 53.51152269 63.03030000
B 43.17004800 55.70976421 63.12570000
B 44.43964416 53.51103185 63.02400000
N 40.62991104 52.77879370 62.99700000
N 41.90013696 54.97676252 63.09640000
N 43.16973312 52.77830285 62.99910000
N 44.43964416 54.97676252 63.08620000
B 40.63022592 60.10668354 63.31860000
B 41.90013696 57.90767848 63.22780000
B 43.17036288 60.10668354 63.28780000
B 44.44027392 57.90767848 63.20030000
N 40.63022592 57.17522219 63.20020000
N 41.90013696 59.37368185 63.28240000
N 43.17036288 57.17467680 63.18920000
N 44.44027392 59.37368185 63.24690000
B 40.63022592 64.50632981 63.41640000
B 41.90013696 62.30623398 63.36020000
B 43.17036288 64.50687520 63.37040000
B 44.44027392 62.30677937 63.30630000
N 40.63022592 61.57268691 63.35830000
N 41.90013696 63.77278274 63.38570000
N 43.17036288 61.57323230 63.32110000
N 44.44027392 63.77332813 63.32820000
B 41.90045184 66.70697103 63.42580000
B 44.44058880 66.70697103 63.37040000
N 40.63022592 65.97342396 63.43690000
N 43.17036288 65.97342396 63.39160000
B 45.70955520 2.93219217 62.49110000
B 46.97946624 0.73332892 62.50970000
B 48.24906240 2.93203401 62.52770000
B 49.51897344 0.73307259 62.56080000
N 45.70955520 0.00044493 62.48650000
N 46.97946624 2.19929956 62.50970000
N 48.24937728 0.00033802 62.53100000
N 49.51897344 2.19903778 62.55540000
B 45.70987008 7.32996231 62.44700000
B 46.97946624 5.13094089 62.48950000
B 48.24937728 7.32979869 62.47680000
B 49.51928832 5.13065184 62.52200000
N 45.70955520 4.39820099 62.47880000
N 46.97946624 6.59712424 62.47100000
N 48.24937728 4.39802102 62.51270000
N 49.51928832 6.59685155 62.50070000
B 45.70987008 11.72797242 62.39650000
B 46.97978112 9.52896736 62.43790000
B 48.24969216 11.72797242 62.42980000
B 49.51960320 9.52885829 62.46840000
N 45.70987008 8.79623837 62.43120000
N 46.97946624 10.99513435 62.42310000
N 48.24937728 8.79612929 62.46080000
N 49.51928832 10.99507981 62.45630000
B 45.70987008 16.12570983 62.32500000
B 46.97978112 13.92675932 62.37970000
B 48.25000704 16.12570983 62.36510000
B 49.51960320 13.92686839 62.42440000
N 45.70987008 13.19392125 62.37660000
N 46.97978112 15.39270815 62.35470000
N 48.24937728 13.19392125 62.41170000
N 49.51928832 15.39281722 62.40280000
B 45.70987008 20.52491979 62.28740000
B 46.98009600 18.32504212 62.31230000
B 48.24969216 20.52464710 62.32500000
B 49.51960320 18.32498758 62.36510000
N 45.70987008 17.59198590 62.30360000
N 46.97978112 19.79159088 62.30360000
N 48.25000704 17.59193136 62.34400000
N 49.51960320 19.79142726 62.35470000
B 45.70924032 24.92385706 62.31240000
B 46.97946624 22.72441570 62.31120000
B 48.24874752 24.92352983 62.33740000
B 49.51897344 22.72397939 62.35080000
N 45.70955520 21.99130494 62.29240000
N 46.97915136 24.19058268 62.31910000
N 48.24937728 21.99103224 62.32710000
N 49.51865856 24.19014637 62.35220000
B 45.70861056 29.32273979 62.33740000
B 46.97852160 27.12308027 62.33410000
B 48.24780288 29.32246710 62.35010000
B 49.51802880 27.12269850 62.35010000
N 45.70892544 26.39002405 62.31880000
N 46.97820672 28.58941087 62.33970000
N 48.24843264 26.38969682 62.33970000
N 49.51771392 28.58908364 62.35010000
B 45.70829568 33.72189522 62.39650000
B 46.97820672 31.52229023 62.36800000
B 48.24748800 33.72167706 62.40510000
B 49.51739904 31.52212662 62.37200000
N 45.70861056 30.78923401 62.35220000
N 46.97789184 32.98851176 62.39130000
N 48.24780288 30.78896132 62.36240000
N 49.51708416 32.98840268 62.39480000
B 45.70798080 38.12066887 62.46840000
B 46.97789184 35.92106389 62.43790000
B 48.24748800 38.12034163 62.47680000
B 49.51708416 35.92084573 62.44700000
N 45.70829568 35.18789859 62.42310000
N 46.97757696 37.38712179 62.46080000
N 48.24748800 35.18768043 62.43120000
N 49.51708416 37.38684910 62.47100000
B 45.70766592 42.51982429 62.57040000
B 46.97757696 40.32016477 62.51020000
B 48.24748800 42.51927890 62.57020000
B 49.51708416 40.31951031 62.52200000
N 45.70798080 39.58689039 62.49420000
N 46.97757696 41.78633176 62.54630000
N 48.24748800 39.58650862 62.50070000
N 49.51708416 41.78573183 62.55440000
B 45.70798080 46.91641639 62.74850000
B 46.97757696 44.71833850 62.64830000
B 48.24717312 46.91630731 62.72620000
B 49.51708416 44.71773857 62.64070000
N 45.70766592 43.98544589 62.62400000
N 46.97757696 46.18352378 62.70720000
N 48.24717312 43.98506412 62.61830000
N 49.51708416 46.18325109 62.68980000
B 45.70861056 51.31257218 62.92420000
B 46.97789184 49.11443975 62.82400000
B 48.24748800 51.31317211 62.87620000
B 49.51676928 49.11476698 62.78010000
N 45.70798080 48.38149260 62.80820000
N 46.97789184 50.57989773 62.87590000
N 48.24717312 48.38165622 62.77770000
N 49.51676928 50.58055219 62.82190000
B 45.70955520 55.70976421 63.09720000
B 46.97852160 53.51141362 62.98500000
B 48.24843264 55.71030959 63.03540000
B 49.51708416 53.51255893 62.91460000
N 45.70892544 52.77819378 62.98000000
N 46.97883648 54.97676252 63.04290000
N 48.24748800 52.77901186 62.92580000
N 49.51739904 54.97839869 62.96850000
B 45.71049984 60.10722893 63.23730000
B 46.97978112 57.90822387 63.14870000
B 48.25032192 60.10777431 63.17570000
B 49.51897344 57.90931465 63.07650000
N 45.70987008 57.17522219 63.15470000
N 46.98009600 59.37422724 63.19180000
N 48.24906240 57.17576758 63.09080000
N 49.51928832 59.37531802 63.12100000
B 45.71049984 64.50687520 63.30720000
B 46.98041088 62.30677937 63.24620000
B 48.25063680 64.50742059 63.24620000
B 49.52023296 62.30732476 63.18350000
N 45.71018496 61.57323230 63.26530000
N 46.98041088 63.77387351 63.26650000
N 48.25032192 61.57377768 63.20390000
N 49.52054784 63.77387351 63.20390000
B 46.98104064 66.70751642 63.30630000
B 49.52086272 66.70697103 63.23730000
N 45.71081472 65.97396934 63.32820000
N 48.25095168 65.97396934 63.26530000
B 50.78888448 2.93172314 62.57490000
B 52.05816576 0.73288715 62.62520000
B 53.32807680 2.93166314 62.64070000
B 54.59735808 0.73299078 62.69780000
N 50.78888448 0.00013502 62.59450000
N 52.05848064 2.19884144 62.61530000
N 53.32776192 0.00010629 62.66450000
N 54.59735808 2.19897778 62.68980000
B 50.78951424 7.32952600 62.51020000
B 52.05911040 5.13040641 62.57020000
B 53.32933632 7.32947146 62.57040000
B 54.59830272 5.13054276 62.64830000
N 50.78888448 4.39767197 62.55440000
N 52.05942528 6.59657885 62.54630000
N 53.32839168 4.39760652 62.61830000
N 54.59861760 6.59674247 62.62400000
B 50.78919936 11.72797242 62.47190000
B 52.05942528 9.52880375 62.51360000
B 53.32870656 11.72797242 62.53050000
B 54.59893248 9.52880375 62.58740000
N 50.78919936 8.79591114 62.49420000
N 52.05911040 10.99502527 62.50320000
N 53.32933632 8.79585660 62.55340000
N 54.59861760 10.99502527 62.57360000
B 50.78919936 16.12581891 62.42270000
B 52.05879552 13.92692293 62.47960000
B 53.32839168 16.12570983 62.47960000
B 54.59798784 13.92675932 62.54000000
N 50.78919936 13.19403033 62.45810000
N 52.05879552 15.39292630 62.46000000
N 53.32839168 13.19397579 62.51600000
N 54.59798784 15.39270815 62.51600000
B 50.78888448 20.52437441 62.37970000
B 52.05879552 18.32487850 62.42440000
B 53.32807680 20.52415625 62.42980000
B 54.59798784 18.32466035 62.47190000
N 50.78919936 17.59198590 62.40280000
N 52.05848064 19.79131818 62.41170000
N 53.32807680 17.59187682 62.45810000
N 54.59767296 19.79104549 62.45630000
B 50.78825472 24.92309352 62.36800000
B 52.05816576 22.72365215 62.39650000
B 53.32776192 24.92276629 62.40510000
B 54.59735808 22.72343400 62.43790000
N 50.78856960 21.99070501 62.37660000
N 52.05785088 24.18976460 62.39130000
N 53.32776192 21.99048685 62.42310000
N 54.59704320 24.18954645 62.43120000
B 50.78762496 29.32219440 62.35730000
B 52.05753600 27.12226219 62.37200000
B 53.32744704 29.32181263 62.37990000
B 54.59735808 27.12198950 62.40970000
N 50.78793984 26.38920597 62.36240000
N 52.05753600 28.58864733 62.36610000
N 53.32744704 26.38887873 62.39480000
N 54.59704320 28.58837464 62.40090000
B 50.78699520 33.72162252 62.40970000
B 52.05722112 31.52190846 62.37990000
B 53.32650240 33.72129529 62.42150000
B 54.59672832 31.52147215 62.40640000
N 50.78731008 30.78874316 62.36610000
N 52.05690624 32.98823907 62.40090000
N 53.32713216 30.78836139 62.38450000
N 54.59641344 32.98780275 62.42190000
B 50.78668032 38.11990532 62.48950000
B 52.05659136 35.92062758 62.45540000
B 53.32587264 38.11957809 62.49110000
B 54.59578368 35.92024580 62.46080000
N 50.78668032 35.18757135 62.43710000
N 52.05627648 37.38657641 62.47880000
N 53.32618752 35.18729866 62.44540000
N 54.59546880 37.38624917 62.47670000
B 50.78668032 42.51851536 62.57490000
B 52.05627648 40.31896492 62.52770000
B 53.32555776 42.51818813 62.56080000
B 54.59515392 40.31880130 62.50970000
N 50.78668032 39.58607231 62.51270000
N 52.05596160 41.78518644 62.55540000
N 53.32555776 39.58574508 62.50970000
N 54.59483904 41.78513190 62.53100000
B 50.78668032 46.91614370 62.69780000
B 52.05627648 44.71730226 62.62520000
B 53.32587264 46.91619824 62.66130000
B 54.59515392 44.71741134 62.59060000
N 50.78668032 43.98446419 62.61530000
N 52.05596160 46.18303293 62.66450000
N 53.32555776 43.98424604 62.59450000
N 54.59515392 46.18319655 62.62510000
B 50.78636544 51.31399019 62.81040000
B 52.05596160 49.11503967 62.73020000
B 53.32555776 51.31437196 62.75090000
B 54.59546880 49.11520329 62.68410000
N 50.78636544 48.38176529 62.73740000
N 52.05564672 50.58104304 62.76220000
N 53.32555776 48.38198345 62.69300000
N 54.59515392 50.58126120 62.71150000
B 50.78731008 55.71194576 62.95470000
B 52.05596160 53.51343155 62.83900000
B 53.32650240 55.71249115 62.87760000
B 54.59546880 53.51354063 62.77820000
N 50.78605056 52.78004810 62.85220000
N 52.05627648 54.97948946 62.88820000
N 53.32555776 52.78053895 62.78630000
N 54.59578368 54.97948946 62.82080000
B 50.78951424 60.10831970 63.10160000
B 52.05785088 57.91040542 62.99380000
B 53.32807680 60.10886509 63.01100000
B 54.59672832 57.91095081 62.90900000
N 50.78793984 57.17740374 63.00930000
N 52.05816576 59.37586341 63.03750000
N 53.32681728 57.17794913 62.92710000
N 54.59672832 59.37640879 62.94480000
B 50.79014400 64.50742059 63.17570000
B 52.05911040 62.30787014 63.10160000
B 53.32839168 64.50742059 63.07650000
B 54.59704320 62.30841553 62.99380000
N 50.78951424 61.57486846 63.13150000
N 52.05942528 63.77441890 63.12100000
N 53.32807680 61.57541385 63.03750000
N 54.59704320 63.77496429 63.00930000
B 52.05974016 66.70697103 63.14870000
B 54.59767296 66.70751642 63.03540000
N 50.79045888 65.97396934 63.19180000
N 53.32870656 65.97396934 63.09080000
B 55.86695424 2.93195765 62.72620000
B 57.13623552 0.73327983 62.78010000
B 58.40551680 2.93229579 62.82400000
B 59.67479808 0.73342163 62.87620000
N 55.86663936 0.00030183 62.73740000
N 57.13623552 2.19932683 62.77770000
N 58.40583168 0.00051078 62.82190000
N 59.67448320 2.19952317 62.87590000
B 55.86821376 7.32974415 62.66240000
B 57.13686528 5.13095725 62.74850000
B 58.40614656 7.33007139 62.76560000
B 59.67479808 5.13125722 62.84980000
N 55.86726912 4.39796648 62.70720000
N 57.13686528 6.59717878 62.72520000
N 58.40551680 4.39837006 62.80820000
N 59.67511296 6.59750601 62.82550000
B 55.86789888 11.72791788 62.60630000
B 57.13718016 9.52896736 62.68180000
B 58.40646144 11.72797242 62.69130000
B 59.67542784 9.52929460 62.77580000
N 55.86821376 8.79607476 62.64270000
N 57.13718016 10.99513435 62.66140000
N 58.40614656 8.79640199 62.74280000
N 59.67542784 10.99535250 62.75060000
B 55.86758400 16.12538260 62.53050000
B 57.13718016 13.92654116 62.60630000
B 58.40709120 16.12510990 62.58740000
B 59.67637248 13.92665024 62.68180000
N 55.86758400 13.19381217 62.58460000
N 57.13718016 15.39232638 62.57360000
N 58.40646144 13.19375763 62.66140000
N 59.67637248 15.39232638 62.64270000
B 55.86758400 20.52393810 62.46840000
B 57.13749504 18.32433311 62.51360000
B 58.40709120 20.52377448 62.51020000
B 59.67700224 18.32422404 62.57040000
N 55.86758400 17.59149505 62.50320000
N 57.13718016 19.79071826 62.49420000
N 58.40709120 17.59116781 62.55340000
N 59.67668736 19.79055464 62.54630000
B 55.86695424 24.92265721 62.44700000
B 57.13686528 22.72337946 62.47680000
B 58.40614656 24.92265721 62.48950000
B 59.67637248 22.72332492 62.52200000
N 55.86695424 21.99026870 62.46080000
N 57.13655040 24.18954645 62.47100000
N 58.40646144 21.99015962 62.50070000
N 59.67574272 24.18943737 62.51270000
B 55.86663936 29.32148540 62.42150000
B 57.13655040 27.12188042 62.45540000
B 58.40583168 29.32121271 62.46080000
B 59.67542784 27.12177134 62.49110000
N 55.86663936 26.38876966 62.43710000
N 57.13623552 28.58821102 62.44540000
N 58.40583168 26.38871512 62.47880000
N 59.67511296 28.58799287 62.47670000
B 55.86600960 33.72074990 62.44200000
B 57.13592064 31.52098130 62.44200000
B 58.40520192 33.72031359 62.45880000
B 59.67511296 31.52065407 62.46240000
N 55.86663936 30.78797962 62.42190000
N 57.13560576 32.98731191 62.44930000
N 58.40551680 30.78765239 62.45620000
N 59.67479808 32.98698467 62.46300000
B 55.86506496 38.11925086 62.47720000
B 57.13529088 35.91980949 62.46240000
B 58.40457216 38.11897816 62.45950000
B 59.67479808 35.91948226 62.45990000
N 55.86569472 35.18680781 62.45620000
N 57.13497600 37.38586740 62.46670000
N 58.40488704 35.18642604 62.46300000
N 59.67448320 37.38554017 62.45660000
B 55.86443520 42.51835174 62.52290000
B 57.13434624 40.31869222 62.47630000
B 58.40394240 42.51835174 62.48160000
B 59.67416832 40.31847407 62.45100000
N 55.86475008 39.58552692 62.48650000
N 57.13403136 41.78513190 62.49050000
N 58.40425728 39.58525423 62.45950000
N 59.67385344 41.78496829 62.45910000
B 55.86506496 46.91641639 62.61750000
B 57.13434624 44.71768403 62.54420000
B 58.40425728 46.91663455 62.57020000
B 59.67385344 44.71768403 62.50280000
N 55.86443520 43.98446419 62.55230000
N 57.13434624 46.18352378 62.57710000
N 58.40362752 43.98462781 62.50680000
N 59.67353856 46.18357832 62.53110000
B 55.86506496 51.31431742 62.70340000
B 57.13466112 49.11531237 62.63880000
B 58.40425728 51.31426288 62.65140000
B 59.67353856 49.11536691 62.58510000
N 55.86475008 48.38225614 62.64740000
N 57.13434624 50.58137028 62.66440000
N 58.40394240 48.38241976 62.59820000
N 59.67322368 50.58142481 62.60610000
B 55.86569472 55.71249115 62.80960000
B 57.13497600 53.51332248 62.72380000
B 58.40457216 55.71249115 62.73890000
B 59.67353856 53.51343155 62.65590000
N 55.86506496 52.78053895 62.73420000
N 57.13497600 54.97948946 62.75910000
N 58.40394240 52.78048441 62.67770000
N 59.67353856 54.97948946 62.68570000
B 55.86600960 60.10941048 62.90900000
B 57.13529088 57.91095081 62.82420000
B 58.40457216 60.10995587 62.80960000
B 59.67416832 57.91095081 62.73890000
N 55.86600960 57.17794913 62.84960000
N 57.13529088 59.37695418 62.84960000
N 58.40457216 57.17794913 62.77050000
N 59.67385344 59.37695418 62.75910000
B 55.86600960 64.50796598 62.95470000
B 57.13497600 62.30896092 62.87760000
B 58.40394240 64.50851136 62.83900000
B 59.67385344 62.30896092 62.77820000
N 55.86600960 61.57595924 62.92710000
N 57.13466112 63.77550968 62.88820000
N 58.40425728 61.57595924 62.82080000
N 59.67353856 63.77550968 62.78630000
B 57.13529088 66.70751642 62.91460000
B 59.67385344 66.70806181 62.81040000
N 55.86600960 65.97451473 62.96850000
N 58.40425728 65.97506012 62.85220000
B 60.94376448 2.93237760 62.92420000
B 62.21304576 0.73326892 62.98500000
B 63.48201216 2.93226853 63.02400000
B 64.75097856 0.73309985 63.09720000
N 60.94407936 0.00046143 62.92580000
N 62.21273088 2.19943591 62.98000000
N 63.48201216 0.00022006 63.04290000
N 64.75129344 2.19932683 63.08620000
B 60.94439424 7.33034408 62.85780000
B 62.21336064 5.13127903 62.94090000
B 63.48358656 7.33039862 62.93900000
B 64.75223808 5.13130085 63.03030000
N 60.94376448 4.39849005 62.90610000
N 62.21367552 6.59750601 62.91240000
N 63.48264192 4.39838097 62.99910000
N 64.75286784 6.59756055 62.99700000
B 60.94502400 11.72829965 62.77580000
B 62.21430528 9.52956729 62.85840000
B 63.48390144 11.72889958 62.85780000
B 64.75349760 9.53000360 62.93900000
N 60.94439424 8.79662014 62.83230000
N 62.21399040 10.99573428 62.83230000
N 63.48358656 8.79678376 62.91130000
N 64.75318272 10.99617059 62.91240000
B 60.94628352 16.12538260 62.66240000
B 62.21493504 13.92719563 62.76560000
B 63.48484608 16.12614614 62.74850000
B 64.75349760 13.92801371 62.84980000
N 60.94533888 13.19408486 62.74280000
N 62.21524992 15.39287176 62.72520000
N 63.48390144 13.19473933 62.82550000
N 64.75349760 15.39363531 62.80820000
B 60.94659840 20.52382902 62.57020000
B 62.21587968 18.32460581 62.64830000
B 63.48516096 20.52410171 62.64070000
B 64.75444224 18.32520574 62.72620000
N 60.94628352 17.59133143 62.62400000
N 62.21587968 19.79082733 62.61830000
N 63.48484608 17.59198590 62.70720000
N 64.75444224 19.79131818 62.68980000
B 60.94533888 24.92249359 62.52770000
B 62.21556480 22.72327038 62.57490000
B 63.48453120 24.92222090 62.56080000
B 64.75444224 22.72327038 62.62520000
N 60.94596864 21.99010508 62.55440000
N 62.21493504 24.18927375 62.55540000
N 63.48484608 21.99021416 62.61530000
N 64.75412736 24.18911014 62.59450000
B 60.94470912 29.32094001 62.47720000
B 62.21462016 27.12138957 62.50970000
B 63.48421632 29.32044916 62.47630000
B 64.75412736 27.12095326 62.52290000
N 60.94502400 26.38849696 62.50970000
N 62.21430528 28.58750202 62.48650000
N 63.48453120 26.38806065 62.53100000
N 64.75412736 28.58701117 62.49050000
B 60.94439424 33.72004090 62.45990000
B 62.21430528 31.52038138 62.45950000
B 63.48390144 33.71993182 62.44950000
B 64.75381248 31.52005414 62.45100000
N 60.94470912 30.78732515 62.46670000
N 62.21399040 32.98676652 62.45660000
N 63.48390144 30.78688884 62.45950000
N 64.75349760 32.98649382 62.44500000
B 60.94439424 38.11876001 62.44950000
B 62.21430528 35.91937318 62.45350000
B 63.48390144 38.11859639 62.44340000
B 64.75349760 35.91926411 62.44340000
N 60.94439424 35.18620788 62.45990000
N 62.21399040 37.38543109 62.44900000
N 63.48358656 35.18609880 62.44900000
N 64.75318272 37.38532201 62.43840000
B 60.94376448 42.51807905 62.45660000
B 62.21399040 40.31814684 62.44140000
B 63.48327168 42.51758820 62.44170000
B 64.75318272 40.31787414 62.43010000
N 60.94407936 39.58503607 62.44500000
N 62.21367552 41.78464105 62.44480000
N 63.48358656 39.58487246 62.43770000
N 64.75286784 41.78431382 62.42960000
B 60.94344960 46.91647093 62.52280000
B 62.21336064 44.71724772 62.47220000
B 63.48264192 46.91614370 62.47730000
B 64.75255296 44.71681141 62.44250000
N 60.94344960 43.98435511 62.47530000
N 62.21304576 46.18330563 62.49130000
N 63.48295680 43.98391880 62.45300000
N 64.75223808 46.18292386 62.45320000
B 60.94281984 51.31442650 62.58200000
B 62.21241600 49.11531237 62.52240000
B 63.48169728 51.31453558 62.50570000
B 64.75192320 49.11514875 62.46340000
N 60.94313472 48.38241976 62.54340000
N 62.21210112 50.58153389 62.53520000
N 63.48232704 48.38220160 62.48770000
N 64.75129344 50.58142481 62.46880000
B 60.94313472 55.71249115 62.65660000
B 62.21210112 53.51375879 62.57260000
B 63.48169728 55.71303653 62.57260000
B 64.75097856 53.51397694 62.49570000
N 60.94250496 52.78070256 62.60290000
N 62.21178624 54.98003485 62.59970000
N 63.48106752 52.78092072 62.52110000
N 64.75097856 54.98003485 62.52110000
B 60.94344960 60.10995587 62.72380000
B 62.21273088 57.91149620 62.65590000
B 63.48264192 60.11050125 62.65140000
B 64.75192320 57.91204159 62.58200000
N 60.94313472 57.17849452 62.68570000
N 62.21273088 59.37749957 62.67770000
N 63.48169728 57.17903990 62.60290000
N 64.75192320 59.37749957 62.60610000
B 60.94313472 64.50851136 62.75090000
B 62.21304576 62.30896092 62.70340000
B 63.48264192 64.50851136 62.68410000
B 64.75223808 62.30950631 62.63880000
N 60.94313472 61.57650462 62.73420000
N 62.21304576 63.77550968 62.71150000
N 63.48264192 61.57650462 62.66440000
N 64.75223808 63.77550968 62.64740000
B 62.21304576 66.70751642 62.73020000
B 64.75223808 66.70751642 62.66130000
N 60.94344960 65.97506012 62.76220000
N 63.48264192 65.97451473 62.69300000
B 66.02088960 2.93237215 63.12570000
B 67.28954112 0.73321984 63.20030000
B 68.55976704 2.93291208 63.22780000
B 69.82873344 0.73360707 63.28780000
N 66.01994496 0.00010177 63.15470000
N 67.28985600 2.19956135 63.18920000
N 68.55882240 0.00024881 63.24690000
N 69.82873344 2.20009038 63.28240000
B 66.02277888 7.33078039 63.02740000
B 67.29143040 5.13179170 63.13080000
B 68.56134144 7.33165301 63.13080000
B 69.82999296 5.13271886 63.23590000
N 66.02151936 4.39850641 63.09640000
N 67.29174528 6.59810594 63.09510000
N 68.56008192 4.39919360 63.20020000
N 69.83030784 6.59914218 63.20020000
B 66.02277888 11.72955404 62.94090000
B 67.29237504 9.53065807 63.03030000
B 68.56165632 11.73020851 63.02400000
B 69.83093760 9.53158523 63.12570000
N 66.02277888 8.79716553 62.99700000
N 67.29206016 10.99682505 62.99910000
N 68.56134144 8.79803815 63.09640000
N 69.83093760 10.99764313 63.08620000
B 66.02340864 16.12680061 62.82400000
B 67.29237504 13.92855910 62.92420000
B 68.56228608 16.12690969 62.87620000
B 69.83156736 13.92883179 62.98500000
N 66.02277888 13.19539380 62.90610000
N 67.29237504 15.39407162 62.87590000
N 68.56165632 13.19583011 62.98000000
N 69.83156736 15.39401708 62.92580000
B 66.02372352 20.52437441 62.69780000
B 67.29300480 18.32547843 62.78010000
B 68.56291584 20.52431987 62.73020000
B 69.83251200 18.32520574 62.81040000
N 66.02340864 17.59253128 62.77770000
N 67.29300480 19.79142726 62.73740000
N 68.56228608 17.59242221 62.82190000
N 69.83251200 19.79110003 62.76220000
B 66.02403840 24.92211182 62.59060000
B 67.29363456 22.72337946 62.66130000
B 68.56323072 24.92227544 62.61750000
B 69.83282688 22.72343400 62.68410000
N 66.02372352 21.99037778 62.66450000
N 67.29331968 24.18911014 62.62510000
N 68.56291584 21.99032324 62.69300000
N 69.83251200 24.18921921 62.64740000
B 66.02403840 29.32012193 62.48160000
B 67.29394944 27.12089872 62.54420000
B 68.56354560 29.32012193 62.50280000
B 69.83314176 27.12111687 62.57020000
N 66.02403840 26.38778796 62.55230000
N 67.29363456 28.58684755 62.50680000
N 68.56323072 26.38789703 62.57710000
N 69.83282688 28.58701117 62.53110000
B 66.02340864 33.71965912 62.44140000
B 67.29363456 31.51978145 62.45660000
B 68.56291584 33.71933189 62.44170000
B 69.83282688 31.51961783 62.47220000
N 66.02372352 30.78650707 62.45910000
N 67.29331968 32.98616659 62.44480000
N 68.56323072 30.78639799 62.47530000
N 69.83282688 32.98594843 62.45300000
B 66.02309376 38.11837824 62.42810000
B 67.29300480 35.91893687 62.43010000
B 68.56197120 38.11794193 62.40030000
B 69.83219712 35.91844602 62.41580000
N 66.02309376 35.18582611 62.43770000
N 67.29268992 37.38499478 62.41930000
N 68.56260096 35.18544434 62.42960000
N 69.83188224 37.38444939 62.39580000
B 66.02246400 42.51726097 62.41580000
B 67.29206016 40.31754691 62.40030000
B 68.56134144 42.51704281 62.37300000
B 69.83125248 40.31716514 62.35970000
N 66.02277888 39.58459976 62.41930000
N 67.29174528 41.78404113 62.39580000
N 68.56165632 39.58416345 62.38500000
N 69.83093760 41.78365936 62.35140000
B 66.02183424 46.91592554 62.43410000
B 67.29174528 44.71664779 62.40330000
B 68.56134144 46.91587100 62.39450000
B 69.83125248 44.71659325 62.36020000
N 66.02214912 43.98364611 62.42220000
N 67.29143040 46.18276024 62.41190000
N 68.56134144 43.98342795 62.37820000
N 69.83093760 46.18276024 62.37130000
B 66.02120448 51.31448104 62.44610000
B 67.29143040 49.11503967 62.41970000
B 68.56102656 51.31426288 62.41250000
B 69.83125248 49.11493060 62.39020000
N 66.02151936 48.38198345 62.43900000
N 67.29111552 50.58126120 62.42340000
N 68.56102656 48.38192891 62.40100000
N 69.83093760 50.58115212 62.39620000
B 66.02120448 55.71303653 62.50570000
B 67.29080064 53.51381333 62.44610000
B 68.56102656 55.71249115 62.46340000
B 69.83093760 53.51343155 62.41970000
N 66.02088960 52.78092072 62.45800000
N 67.29080064 54.98003485 62.46880000
N 68.56071168 52.78064802 62.42340000
N 69.83062272 54.97948946 62.43900000
B 66.02151936 60.11050125 62.58510000
B 67.29111552 57.91149620 62.52240000
B 68.56071168 60.11050125 62.52280000
B 69.83062272 57.91149620 62.47730000
N 66.02120448 57.17903990 62.53520000
N 67.29111552 59.37749957 62.54340000
N 68.56102656 57.17849452 62.48770000
N 69.83062272 59.37749957 62.49130000
B 66.02151936 64.50851136 62.61750000
B 67.29111552 62.30950631 62.57020000
B 68.56039680 64.50851136 62.54420000
B 69.83030784 62.30896092 62.50280000
N 66.02151936 61.57650462 62.59820000
N 67.29111552 63.77550968 62.57710000
N 68.56071168 61.57650462 62.53110000
N 69.82999296 63.77550968 62.50680000
B 67.29111552 66.70751642 62.59060000
B 69.83030784 66.70751642 62.52290000
N 66.02183424 65.97451473 62.62510000
N 68.56039680 65.97451473 62.55230000
B 71.09864448 2.93356110 63.31860000
B 72.36855552 0.73386885 63.36020000
B 73.63846656 2.93380652 63.38300000
B 74.90900736 0.73372705 63.41640000
N 71.09864448 0.00048371 63.32110000
N 72.36855552 2.20045579 63.35830000
N 73.63909632 0.00045196 63.38570000
N 74.90869248 2.20038489 63.41060000
B 71.09990400 7.33268925 63.22780000
B 72.36887040 5.13344422 63.31860000
B 73.63909632 7.33323464 63.28780000
B 74.90869248 5.13350422 63.36020000
N 71.09895936 4.40001714 63.29480000
N 72.36918528 6.59996026 63.28240000
N 73.63846656 4.40033346 63.35830000
N 74.90900736 6.60001480 63.32110000
B 71.10053376 11.73091751 63.09720000
B 72.36981504 9.53245785 63.20030000
B 73.64004096 11.73151744 63.14870000
B 74.90932224 9.53278508 63.23730000
N 71.09990400 8.79907439 63.18920000
N 72.36981504 10.99840668 63.15470000
N 73.63909632 8.79961978 63.24690000
N 74.90963712 10.99878845 63.19180000
B 71.10179328 16.12680061 62.91460000
B 72.37107456 13.92921356 63.03540000
B 73.64130048 16.12723692 62.95470000
B 74.91058176 13.92997711 63.07650000
N 71.10084864 13.19626642 63.04290000
N 72.37138944 15.39418069 62.96850000
N 73.64035584 13.19681181 63.09080000
N 74.91089664 15.39494424 63.00930000
B 71.10242304 20.52421079 62.75090000
B 72.37201920 18.32520574 62.83900000
B 73.64193024 20.52437441 62.77820000
B 74.91152640 18.32586020 62.87760000
N 71.10210816 17.59209497 62.85220000
N 72.37201920 19.79099095 62.78630000
N 73.64161536 17.59247674 62.88820000
N 74.91152640 19.79153634 62.82080000
B 71.10242304 24.92243905 62.63880000
B 72.37201920 22.72348854 62.70340000
B 73.64161536 24.92238451 62.65140000
B 74.91121152 22.72359762 62.72380000
N 71.10242304 21.99015962 62.71150000
N 72.37201920 24.18921921 62.66440000
N 73.64193024 21.99026870 62.73420000
N 74.91121152 24.18911014 62.67770000
B 71.10242304 29.32023101 62.52280000
B 72.37201920 27.12117141 62.58510000
B 73.64130048 29.31995831 62.52240000
B 74.91089664 27.12078964 62.58200000
N 71.10242304 26.38811519 62.59820000
N 72.37201920 28.58701117 62.54340000
N 73.64161536 26.38795157 62.60610000
N 74.91089664 28.58652032 62.53520000
B 71.10210816 33.71900466 62.44250000
B 72.37201920 31.51945422 62.47730000
B 73.64130048 33.71873196 62.43410000
B 74.91089664 31.51907244 62.46340000
N 71.10242304 30.78639799 62.49130000
N 72.37170432 32.98567574 62.45320000
N 73.64130048 30.78612530 62.48770000
N 74.91089664 32.98534851 62.43900000
B 71.10147840 38.11745108 62.37300000
B 72.37170432 35.91806425 62.40330000
B 73.64130048 38.11723292 62.36020000
B 74.91089664 35.91800971 62.39450000
N 71.10210816 35.18506257 62.42220000
N 72.37138944 37.38406762 62.37820000
N 73.64130048 35.18478987 62.41190000
N 74.91089664 37.38401308 62.37130000
B 71.10084864 42.51682466 62.33220000
B 72.37107456 40.31683790 62.33220000
B 73.64098560 42.51660650 62.31490000
B 74.91089664 40.31672883 62.32960000
N 71.10116352 39.58367260 62.35140000
N 72.37075968 41.78333212 62.32150000
N 73.64098560 39.58345445 62.33730000
N 74.91089664 41.78322304 62.31810000
B 71.10084864 46.91581646 62.36160000
B 72.37075968 44.71642964 62.32960000
B 73.64067072 46.91565285 62.33800000
B 74.91058176 44.71615694 62.31930000
N 71.10084864 43.98331888 62.33730000
N 72.37075968 46.18265116 62.34120000
N 73.64067072 43.98304618 62.31810000
N 74.91058176 46.18237847 62.32670000
B 71.10084864 51.31404473 62.39020000
B 72.37075968 49.11482152 62.36450000
B 73.64004096 51.31388111 62.36160000
B 74.91026688 49.11465790 62.33800000
N 71.10084864 48.38187437 62.37130000
N 72.37044480 50.58104304 62.37130000
N 73.64035584 48.38171076 62.34600000
N 74.90995200 50.58087943 62.34120000
B 71.10053376 55.71249115 62.43410000
B 72.37044480 53.51315886 62.39450000
B 73.64004096 55.71249115 62.40330000
B 74.90995200 53.51321340 62.36020000
N 71.10053376 52.78037533 62.40100000
N 72.37044480 54.97948946 62.41190000
N 73.64004096 52.78026625 62.37130000
N 74.90995200 54.97948946 62.37820000
B 71.10021888 60.10995587 62.47220000
B 72.37044480 57.91095081 62.44250000
B 73.64035584 60.10995587 62.44170000
B 74.91026688 57.91149620 62.41580000
N 71.10053376 57.17849452 62.45320000
N 72.37044480 59.37695418 62.45300000
N 73.64004096 57.17849452 62.42220000
N 74.91026688 59.37749957 62.42960000
B 71.09990400 64.50851136 62.48160000
B 72.37012992 62.30896092 62.45660000
B 73.64035584 64.50851136 62.45100000
B 74.91026688 62.30896092 62.44140000
N 71.10021888 61.57650462 62.47530000
N 72.37012992 63.77550968 62.45910000
N 73.64004096 61.57595924 62.44480000
N 74.91026688 63.77550968 62.44500000
B 72.37012992 66.70806181 62.47630000
B 74.91026688 66.70751642 62.45950000
N 71.09990400 65.97506012 62.49050000
N 73.64035584 65.97506012 62.45950000
B 76.17891840 2.93360473 63.41640000
B 76.17923328 7.33307102 63.30630000
B 77.44945920 5.13318789 63.37040000
B 78.72000000 7.33290740 63.30720000
N 76.17923328 4.40007713 63.38570000
N 77.44945920 6.59963303 63.32820000
B 76.17986304 11.73200829 63.17570000
B 77.44977408 9.53278508 63.24620000
B 78.72000000 11.73217191 63.18350000
B 79.99022592 9.53278508 63.24620000
N 76.17923328 8.79956524 63.26530000
N 77.44977408 10.99889753 63.20390000
N 78.72000000 8.79940162 63.26650000
N 79.99022592 10.99889753 63.20390000
B 76.18080768 16.12827316 62.99380000
B 77.45008896 13.93068611 63.10160000
B 78.72000000 16.12876401 63.01100000
B 79.98991104 13.93068611 63.10160000
N 76.18017792 13.19746627 63.12100000
N 77.45040384 15.39581686 63.03750000
N 78.72000000 13.19773896 63.13150000
N 79.98959616 15.39581686 63.03750000
B 76.18112256 20.52491979 62.80960000
B 77.45040384 18.32673282 62.90900000
B 78.72000000 20.52530157 62.82420000
B 79.98959616 18.32673282 62.90900000
N 76.18080768 17.59345844 62.92710000
N 77.45040384 19.79224534 62.84960000
N 78.72000000 17.59400383 62.94480000
N 79.98959616 19.79224534 62.84960000
B 76.18080768 24.92211182 62.65590000
B 77.45040384 22.72370669 62.73890000
B 78.72000000 24.92194820 62.65660000
B 79.98959616 22.72370669 62.73890000
N 76.18112256 21.99059593 62.75910000
N 77.45040384 24.18900106 62.68570000
N 78.72000000 21.99081409 62.77050000
N 79.98959616 24.18900106 62.68570000
B 76.18049280 29.31935839 62.50570000
B 77.45040384 27.12024425 62.57260000
B 78.72000000 29.31903115 62.49570000
B 79.98959616 27.12024425 62.57260000
N 76.18080768 26.38740619 62.60290000
N 77.45008896 28.58586585 62.52110000
N 78.72000000 26.38713349 62.59970000
N 79.98991104 28.58586585 62.52110000
B 76.18049280 33.71856835 62.41970000
B 77.45008896 31.51874521 62.44610000
B 78.72000000 33.71851381 62.41250000
B 79.98991104 31.51874521 62.44610000
N 76.18049280 30.78552537 62.46880000
N 77.45008896 32.98507581 62.42340000
N 78.72000000 30.78525268 62.45800000
N 79.98991104 32.98507581 62.42340000
B 76.18080768 38.11728746 62.36160000
B 77.45040384 35.91806425 62.39020000
B 78.72000000 38.11734200 62.36450000
B 79.98959616 35.91806425 62.39020000
N 76.18049280 35.18468080 62.40100000
N 77.45040384 37.38412216 62.37130000
N 78.72000000 35.18468080 62.39620000
N 79.98959616 37.38412216 62.37130000
B 76.18049280 42.51638835 62.31930000
B 77.45040384 40.31672883 62.33800000
B 78.72000000 42.51633381 62.32480000
B 79.98959616 40.31672883 62.33800000
N 76.18080768 39.58350899 62.34120000
N 77.45040384 41.78322304 62.32670000
N 78.72000000 39.58361806 62.34600000
N 79.98959616 41.78322304 62.32670000
B 76.18017792 46.91532561 62.32480000
B 77.45040384 44.71593879 62.32070000
B 78.72000000 46.91516200 62.32070000
B 79.98959616 44.71593879 62.32070000
N 76.18049280 43.98288256 62.31930000
N 77.45008896 46.18210577 62.32320000
N 78.72000000 43.98277349 62.32320000
N 79.98991104 46.18210577 62.32320000
B 76.17986304 51.31388111 62.32960000
B 77.45008896 49.11443975 62.31930000
B 78.72000000 51.31382657 62.31490000
B 79.98991104 49.11443975 62.31930000
N 76.18017792 48.38143806 62.32670000
N 77.44977408 50.58071581 62.31810000
N 78.72000000 48.38127444 62.31930000
N 79.99022592 50.58071581 62.31810000
B 76.17986304 55.71249115 62.37300000
B 77.44977408 53.51337701 62.33220000
B 78.72000000 55.71249115 62.35970000
B 79.99022592 53.51337701 62.33220000
N 76.17986304 52.78032079 62.33730000
N 77.44977408 54.97948946 62.35140000
N 78.72000000 52.78032079 62.32150000
N 79.99022592 54.97948946 62.35140000
B 76.18017792 60.11050125 62.43010000
B 77.45008896 57.91149620 62.40030000
B 78.72000000 60.11050125 62.42810000
B 79.98991104 57.91149620 62.40030000
N 76.17986304 57.17849452 62.39580000
N 77.45008896 59.37749957 62.41930000
N 78.72000000 57.17849452 62.38500000
N 79.98991104 59.37749957 62.41930000
B 76.18049280 64.50851136 62.44950000
B 77.45008896 62.30896092 62.44340000
B 78.72000000 64.50851136 62.45350000
B 79.98991104 62.30896092 62.44340000
N 76.18017792 61.57650462 62.43770000
N 77.45008896 63.77550968 62.44900000
N 78.72000000 61.57650462 62.43840000
N 79.98991104 63.77550968 62.44900000
B 77.45008896 66.70751642 62.45990000
B 79.98991104 66.70751642 62.45990000
N 76.18049280 65.97451473 62.45660000
N 78.72000000 65.97451473 62.45990000
B 81.26013696 11.73200829 63.17570000
B 81.25919232 16.12827316 62.99380000
B 82.52941824 13.92997711 63.07650000
B 83.79869952 16.12723692 62.95470000
N 81.25982208 13.19746627 63.12100000
N 82.52910336 15.39494424 63.00930000
B 81.25887744 20.52491979 62.80960000
B 82.52847360 18.32586020 62.87760000
B 83.79806976 20.52437441 62.77820000
B 85.06798080 18.32520574 62.83900000
N 81.25919232 17.59345844 62.92710000
N 82.52847360 19.79153634 62.82080000
N 83.79838464 17.59247674 62.88820000
N 85.06798080 19.79099095 62.78630000
B 81.25919232 24.92211182 62.65590000
B 82.52878848 22.72359762 62.72380000
B 83.79838464 24.92238451 62.65140000
B 85.06798080 22.72348854 62.70340000
N 81.25887744 21.99059593 62.75910000
N 82.52878848 24.18911014 62.67770000
N 83.79806976 21.99026870 62.73420000
N 85.06798080 24.18921921 62.66440000
B 81.25950720 29.31935839 62.50570000
B 82.52910336 27.12078964 62.58200000
B 83.79869952 29.31995831 62.52240000
B 85.06798080 27.12117141 62.58510000
N 81.25919232 26.38740619 62.60290000
N 82.52910336 28.58652032 62.53520000
N 83.79838464 26.38795157 62.60610000
N 85.06798080 28.58701117 62.54340000
B 81.25950720 33.71856835 62.41970000
B 82.52910336 31.51907244 62.46340000
B 83.79869952 33.71873196 62.43410000
B 85.06798080 31.51945422 62.47730000
N 81.25950720 30.78552537 62.46880000
N 82.52910336 32.98534851 62.43900000
N 83.79869952 30.78612530 62.48770000
N 85.06829568 32.98567574 62.45320000
B 81.25919232 38.11728746 62.36160000
B 82.52910336 35.91800971 62.39450000
B 83.79869952 38.11723292 62.36020000
B 85.06829568 35.91806425 62.40330000
N 81.25950720 35.18468080 62.40100000
N 82.52910336 37.38401308 62.37130000
N 83.79869952 35.18478987 62.41190000
N 85.06861056 37.38406762 62.37820000
B 81.25950720 42.51638835 62.31930000
B 82.52910336 40.31672883 62.32960000
B 83.79901440 42.51660650 62.31490000
B 85.06892544 40.31683790 62.33220000
N 81.25919232 39.58350899 62.34120000
N 82.52910336 41.78322304 62.31810000
N 83.79901440 39.58345445 62.33730000
N 85.06924032 41.78333212 62.32150000
B 81.25982208 46.91532561 62.32480000
B 82.52941824 44.71615694 62.31930000
B 83.79932928 46.91565285 62.33800000
B 85.06924032 44.71642964 62.32960000
N 81.25950720 43.98288256 62.31930000
N 82.52941824 46.18237847 62.32670000
N 83.79932928 43.98304618 62.31810000
N 85.06924032 46.18265116 62.34120000
B 81.26013696 51.31388111 62.32960000
B 82.52973312 49.11465790 62.33800000
B 83.79995904 51.31388111 62.36160000
B 85.06924032 49.11482152 62.36450000
N 81.25982208 48.38143806 62.32670000
N 82.53004800 50.58087943 62.34120000
N 83.79964416 48.38171076 62.34600000
N 85.06955520 50.58104304 62.37130000
B 81.26013696 55.71249115 62.37300000
B 82.53004800 53.51321340 62.36020000
B 83.79995904 55.71249115 62.40330000
B 85.06955520 53.51315886 62.39450000
N 81.26013696 52.78032079 62.33730000
N 82.53004800 54.97948946 62.37820000
N 83.79995904 52.78026625 62.37130000
N 85.06955520 54.97948946 62.41190000
B 81.25982208 60.11050125 62.43010000
B 82.52973312 57.91149620 62.41580000
B 83.79964416 60.10995587 62.44170000
B 85.06955520 57.91095081 62.44250000
N 81.26013696 57.17849452 62.39580000
N 82.52973312 59.37749957 62.42960000
N 83.79995904 57.17849452 62.42220000
N 85.06955520 59.37695418 62.45300000
B 81.25950720 64.50851136 62.44950000
B 82.52973312 62.30896092 62.44140000
B 83.79964416 64.50851136 62.45100000
B 85.06987008 62.30896092 62.45660000
N 81.25982208 61.57650462 62.43770000
N 82.52973312 63.77550968 62.44500000
N 83.79995904 61.57595924 62.44480000
N 85.06987008 63.77550968 62.45910000
B 82.52973312 66.70751642 62.45950000
B 85.06987008 66.70806181 62.47630000
N 81.25950720 65.97451473 62.45660000
N 83.79964416 65.97506012 62.45950000
B 86.33757696 20.52421079 62.75090000
B 86.33757696 24.92243905 62.63880000
B 87.60717312 22.72343400 62.68410000
B 88.87676928 24.92227544 62.61750000
N 86.33757696 21.99015962 62.71150000
N 87.60748800 24.18921921 62.64740000
B 86.33757696 29.32023101 62.52280000
B 87.60685824 27.12111687 62.57020000
B 88.87645440 29.32012193 62.50280000
B 90.14605056 27.12089872 62.54420000
N 86.33757696 26.38811519 62.59820000
N 87.60717312 28.58701117 62.53110000
N 88.87676928 26.38789703 62.57710000
N 90.14636544 28.58684755 62.50680000
B 86.33789184 33.71900466 62.44250000
B 87.60717312 31.51961783 62.47220000
B 88.87708416 33.71933189 62.44170000
B 90.14636544 31.51978145 62.45660000
N 86.33757696 30.78639799 62.49130000
N 87.60717312 32.98594843 62.45300000
N 88.87676928 30.78639799 62.47530000
N 90.14668032 32.98616659 62.44480000
B 86.33852160 38.11745108 62.37300000
B 87.60780288 35.91844602 62.41580000
B 88.87802880 38.11794193 62.40030000
B 90.14699520 35.91893687 62.43010000
N 86.33789184 35.18506257 62.42220000
N 87.60811776 37.38444939 62.39580000
N 88.87739904 35.18544434 62.42960000
N 90.14731008 37.38499478 62.41930000
B 86.33915136 42.51682466 62.33220000
B 87.60874752 40.31716514 62.35970000
B 88.87865856 42.51704281 62.37300000
B 90.14793984 40.31754691 62.40030000
N 86.33883648 39.58367260 62.35140000
N 87.60906240 41.78365936 62.35140000
N 88.87834368 39.58416345 62.38500000
N 90.14825472 41.78404113 62.39580000
B 86.33915136 46.91581646 62.36160000
B 87.60874752 44.71659325 62.36020000
B 88.87865856 46.91587100 62.39450000
B 90.14825472 44.71664779 62.40330000
N 86.33915136 43.98331888 62.33730000
N 87.60906240 46.18276024 62.37130000
N 88.87865856 43.98342795 62.37820000
N 90.14856960 46.18276024 62.41190000
B 86.33915136 51.31404473 62.39020000
B 87.60874752 49.11493060 62.39020000
B 88.87897344 51.31426288 62.41250000
B 90.14856960 49.11503967 62.41970000
N 86.33915136 48.38187437 62.37130000
N 87.60906240 50.58115212 62.39620000
N 88.87897344 48.38192891 62.40100000
N 90.14888448 50.58126120 62.42340000
B 86.33946624 55.71249115 62.43410000
B 87.60906240 53.51343155 62.41970000
B 88.87897344 55.71249115 62.46340000
B 90.14919936 53.51381333 62.44610000
N 86.33946624 52.78037533 62.40100000
N 87.60937728 54.97948946 62.43900000
N 88.87928832 52.78064802 62.42340000
N 90.14919936 54.98003485 62.46880000
B 86.33978112 60.10995587 62.47220000
B 87.60937728 57.91149620 62.47730000
B 88.87928832 60.11050125 62.52280000
B 90.14888448 57.91149620 62.52240000
N 86.33946624 57.17849452 62.45320000
N 87.60937728 59.37749957 62.49130000
N 88.87897344 57.17849452 62.48770000
N 90.14888448 59.37749957 62.54340000
B 86.34009600 64.50851136 62.48160000
B 87.60969216 62.30896092 62.50280000
B 88.87960320 64.50851136 62.54420000
B 90.14888448 62.30950631 62.57020000
N 86.33978112 61.57650462 62.47530000
N 87.61000704 63.77550968 62.50680000
N 88.87928832 61.57650462 62.53110000
N 90.14888448 63.77550968 62.57710000
B 87.60969216 66.70751642 62.52290000
B 90.14888448 66.70751642 62.59060000
N 86.34009600 65.97506012 62.49050000
N 88.87960320 65.97451473 62.55230000
B 91.41596160 29.32012193 62.48160000
B 91.41659136 33.71965912 62.44140000
B 92.68618752 31.52005414 62.45100000
B 93.95609856 33.71993182 62.44950000
N 91.41627648 30.78650707 62.45910000
N 92.68650240 32.98649382 62.44500000
B 91.41690624 38.11837824 62.42810000
B 92.68650240 35.91926411 62.44340000
B 93.95609856 38.11859639 62.44340000
B 95.22569472 35.91937318 62.45350000
N 91.41690624 35.18582611 62.43770000
N 92.68681728 37.38532201 62.43840000
N 93.95641344 35.18609880 62.44900000
N 95.22600960 37.38543109 62.44900000
B 91.41753600 42.51726097 62.41580000
B 92.68681728 40.31787414 62.43010000
B 93.95672832 42.51758820 62.44170000
B 95.22600960 40.31814684 62.44140000
N 91.41722112 39.58459976 62.41930000
N 92.68713216 41.78431382 62.42960000
N 93.95641344 39.58487246 62.43770000
N 95.22632448 41.78464105 62.44480000
B 91.41816576 46.91592554 62.43410000
B 92.68744704 44.71681141 62.44250000
B 93.95735808 46.91614370 62.47730000
B 95.22663936 44.71724772 62.47220000
N 91.41785088 43.98364611 62.42220000
N 92.68776192 46.18292386 62.45320000
N 93.95704320 43.98391880 62.45300000
N 95.22695424 46.18330563 62.49130000
B 91.41879552 51.31448104 62.44610000
B 92.68807680 49.11514875 62.46340000
B 93.95830272 51.31453558 62.50570000
B 95.22758400 49.11531237 62.52240000
N 91.41848064 48.38198345 62.43900000
N 92.68870656 50.58142481 62.46880000
N 93.95767296 48.38220160 62.48770000
N 95.22789888 50.58153389 62.53520000
B 91.41879552 55.71303653 62.50570000
B 92.68902144 53.51397694 62.49570000
B 93.95830272 55.71303653 62.57260000
B 95.22789888 53.51375879 62.57260000
N 91.41911040 52.78092072 62.45800000
N 92.68902144 54.98003485 62.52110000
N 93.95893248 52.78092072 62.52110000
N 95.22821376 54.98003485 62.59970000
B 91.41848064 60.11050125 62.58510000
B 92.68807680 57.91204159 62.58200000
B 93.95735808 60.11050125 62.65140000
B 95.22726912 57.91149620 62.65590000
N 91.41879552 57.17903990 62.53520000
N 92.68807680 59.37749957 62.60610000
N 93.95830272 57.17903990 62.60290000
N 95.22726912 59.37749957 62.67770000
B 91.41848064 64.50851136 62.61750000
B 92.68776192 62.30950631 62.63880000
B 93.95735808 64.50851136 62.68410000
B 95.22695424 62.30896092 62.70340000
N 91.41848064 61.57650462 62.59820000
N 92.68776192 63.77550968 62.64740000
N 93.95735808 61.57650462 62.66440000
N 95.22695424 63.77550968 62.71150000
B 92.68776192 66.70751642 62.66130000
B 95.22695424 66.70751642 62.73020000
N 91.41816576 65.97451473 62.62510000
N 93.95735808 65.97451473 62.69300000
B 96.49560576 38.11876001 62.44950000
B 96.49623552 42.51807905 62.45660000
B 97.76583168 40.31847407 62.45100000
B 99.03605760 42.51835174 62.48160000
N 96.49592064 39.58503607 62.44500000
N 97.76614656 41.78496829 62.45910000
B 96.49655040 46.91647093 62.52280000
B 97.76614656 44.71768403 62.50280000
B 99.03574272 46.91663455 62.57020000
B 100.30565376 44.71768403 62.54420000
N 96.49655040 43.98435511 62.47530000
N 97.76646144 46.18357832 62.53110000
N 99.03637248 43.98462781 62.50680000
N 100.30565376 46.18352378 62.57710000
B 96.49718016 51.31442650 62.58200000
B 97.76646144 49.11536691 62.58510000
B 99.03574272 51.31426288 62.65140000
B 100.30533888 49.11531237 62.63880000
N 96.49686528 48.38241976 62.54340000
N 97.76677632 50.58142481 62.60610000
N 99.03605760 48.38241976 62.59820000
N 100.30565376 50.58137028 62.66440000
B 96.49686528 55.71249115 62.65660000
B 97.76646144 53.51343155 62.65590000
B 99.03542784 55.71249115 62.73890000
B 100.30502400 53.51332248 62.72380000
N 96.49749504 52.78070256 62.60290000
N 97.76646144 54.97948946 62.68570000
N 99.03605760 52.78048441 62.67770000
N 100.30502400 54.97948946 62.75910000
B 96.49655040 60.10995587 62.72380000
B 97.76583168 57.91095081 62.73890000
B 99.03542784 60.10995587 62.80960000
B 100.30470912 57.91095081 62.82420000
N 96.49686528 57.17849452 62.68570000
N 97.76614656 59.37695418 62.75910000
N 99.03542784 57.17794913 62.77050000
N 100.30470912 59.37695418 62.84960000
B 96.49686528 64.50851136 62.75090000
B 97.76614656 62.30896092 62.77820000
B 99.03605760 64.50851136 62.83900000
B 100.30502400 62.30896092 62.87760000
N 96.49686528 61.57650462 62.73420000
N 97.76646144 63.77550968 62.78630000
N 99.03574272 61.57595924 62.82080000
N 100.30533888 63.77550968 62.88820000
B 97.76614656 66.70806181 62.81040000
B 100.30470912 66.70751642 62.91460000
N 96.49655040 65.97506012 62.76220000
N 99.03574272 65.97506012 62.85220000
B 101.57493504 46.91641639 62.61750000
B 101.57493504 51.31431742 62.70340000
B 102.84453120 49.11520329 62.68410000
B 104.11444224 51.31437196 62.75090000
N 101.57524992 48.38225614 62.64740000
N 102.84484608 50.58126120 62.71150000
B 101.57430528 55.71249115 62.80960000
B 102.84453120 53.51354063 62.77820000
B 104.11349760 55.71249115 62.87760000
B 105.38403840 53.51343155 62.83900000
N 101.57493504 52.78053895 62.73420000
N 102.84421632 54.97948946 62.82080000
N 104.11444224 52.78053895 62.78630000
N 105.38372352 54.97948946 62.88820000
B 101.57399040 60.10941048 62.90900000
B 102.84327168 57.91095081 62.90900000
B 104.11192320 60.10886509 63.01100000
B 105.38214912 57.91040542 62.99380000
N 101.57399040 57.17794913 62.84960000
N 102.84327168 59.37640879 62.94480000
N 104.11318272 57.17794913 62.92710000
N 105.38183424 59.37586341 63.03750000
B 101.57399040 64.50796598 62.95470000
B 102.84295680 62.30841553 62.99380000
B 104.11160832 64.50742059 63.07650000
B 105.38088960 62.30787014 63.10160000
N 101.57399040 61.57595924 62.92710000
N 102.84295680 63.77496429 63.00930000
N 104.11192320 61.57541385 63.03750000
N 105.38057472 63.77441890 63.12100000
B 102.84232704 66.70751642 63.03540000
B 105.38025984 66.70697103 63.14870000
N 101.57399040 65.97451473 62.96850000
N 104.11129344 65.97396934 63.09080000
B 106.65268992 55.71194576 62.95470000
B 106.65048576 60.10831970 63.10160000
B 107.92102656 57.90931465 63.07650000
B 109.18967808 60.10777431 63.17570000
N 106.65206016 57.17740374 63.00930000
N 107.92071168 59.37531802 63.12100000
B 106.64985600 64.50742059 63.17570000
B 107.91976704 62.30732476 63.18350000
B 109.18936320 64.50742059 63.24620000
B 110.45958912 62.30677937 63.24620000
N 106.65048576 61.57486846 63.13150000
N 107.91945216 63.77387351 63.20390000
N 109.18967808 61.57377768 63.20390000
N 110.45958912 63.77387351 63.26650000
B 107.91913728 66.70697103 63.23730000
B 110.45895936 66.70751642 63.30630000
N 106.64954112 65.97396934 63.19180000
N 109.18904832 65.97396934 63.26530000
B 111.72950016 64.50687520 63.30720000
B 112.99941120 66.70697103 63.37040000
N 111.72918528 65.97396934 63.32820000
