W -0.00000000 -0.00001979 7.53403000
Se 3.27817000 1.89265000 5.83797000
Se 3.35456000 1.93676000 9.12607000
W 1.65818000 2.87162000 7.49618000
Se 4.91571000 4.73024000 5.72801000
Se 5.02696000 4.83598000 9.01383000
W 3.31436000 5.73893000 7.38517000
Se 6.55184000 7.56557000 5.55378000
Se 6.69097000 7.72242000 8.83654000
W 4.96648000 8.59844000 7.20944000
Se 8.18734000 10.39950000 5.33027000
Se 8.34394000 10.59100000 8.61026000
W 6.61328000 11.44830000 6.98447000
Se 9.82348000 13.23410000 5.07841000
Se 9.98557000 13.44030000 8.35693000
W 8.25480000 14.28910000 6.73170000
Se 11.46130000 16.07120000 4.82129000
Se 11.61780000 16.27290000 8.10008000
W 9.89215000 17.12290000 6.47446000
Se 13.10100000 18.91160000 4.57961000
Se 13.24340000 19.09310000 7.86006000
W 11.52680000 19.95230000 6.23335000
Se 14.74250000 21.75490000 4.36883000
Se 14.86510000 21.90550000 7.65158000
W 13.15990000 22.77940000 6.02349000
Se 16.38530000 24.60030000 4.19880000
Se 16.48490000 24.71340000 7.48383000
W 14.79220000 25.60550000 5.85444000
Se 18.02880000 27.44690000 4.07497000
Se 18.10390000 27.51900000 7.36182000
W 16.42410000 28.43120000 5.73142000
Se 19.67260000 30.29420000 3.99998000
Se 19.72260000 30.32350000 7.28797000
W 18.05580000 31.25680000 5.65694000
Se 21.31670000 33.14180000 3.97488000
Se 21.34140000 33.12760000 7.26326000
W 19.68730000 34.08250000 5.63202000
Se 22.96070000 35.98940000 3.99998000
Se 22.96040000 35.93150000 7.28797000
W 21.31870000 36.90830000 5.65694000
Se 24.60460000 38.83670000 4.07497000
Se 24.57980000 38.73560000 7.36182000
W 22.94990000 39.73420000 5.73142000
Se 26.24820000 41.68330000 4.19880000
Se 26.20000000 41.54050000 7.48383000
W 24.58110000 42.56040000 5.85444000
Se 27.89100000 44.52870000 4.36883000
Se 27.82180000 44.34720000 7.65158000
W 26.21240000 45.38700000 6.02349000
Se 29.53260000 47.37190000 4.57961000
Se 29.44650000 47.15780000 7.86006000
W 27.84420000 48.21490000 6.23335000
Se 31.17250000 50.21220000 4.82129000
Se 31.07610000 49.97580000 8.10008000
W 29.47720000 51.04520000 6.47446000
Se 32.81060000 53.04910000 5.07841000
Se 32.71310000 52.80560000 8.35693000
W 31.11270000 53.88010000 6.73170000
Se 34.44740000 55.88330000 5.33027000
Se 34.35990000 55.65200000 8.61026000
W 32.75210000 56.72210000 6.98447000
Se 36.08390000 58.71670000 5.55378000
Se 36.01770000 58.51780000 8.83654000
W 34.39680000 59.57320000 7.20944000
Se 37.72130000 61.55130000 5.72801000
Se 37.68540000 61.40210000 9.01383000
W 36.04710000 62.43370000 7.38517000
Se 39.36000000 64.38820000 5.83797000
Se 39.36000000 64.30000000 9.12607000
W 37.70220000 65.30170000 7.49618000
Se 40.99930000 67.22710000 5.87545000
Se 41.03760000 67.20490000 9.16439000
W 3.31598000 0.00021299 7.49618000
Se 6.55437000 1.89201000 5.72801000
Se 6.70156000 1.93548000 9.01383000
W 4.97214000 2.87066000 7.42105000
Se 8.19034000 4.72870000 5.58633000
Se 8.36566000 4.82991000 8.86956000
W 6.62418000 5.73553000 7.27625000
Se 9.82543000 7.56363000 5.38814000
Se 10.01880000 7.70985000 8.66861000
W 8.27077000 8.59183000 7.07384000
Se 11.46080000 10.39820000 5.15150000
Se 11.66020000 10.57170000 8.43003000
W 9.91173000 11.43870000 6.83269000
Se 13.09770000 13.23420000 4.89843000
Se 13.29150000 13.41560000 8.17656000
W 11.54810000 14.27730000 6.57569000
Se 14.73650000 16.07300000 4.65073000
Se 14.91570000 16.24490000 7.92998000
W 13.18150000 17.11010000 6.32515000
Se 16.37720000 18.91490000 4.42624000
Se 16.53570000 19.06370000 7.70757000
W 14.81330000 19.93940000 6.09892000
Se 18.01940000 21.75940000 4.23740000
Se 18.15390000 21.87590000 7.52107000
W 16.44440000 22.76690000 5.90918000
Se 19.66250000 24.60560000 4.09169000
Se 19.77150000 24.68430000 7.37743000
W 18.07550000 25.59340000 5.76312000
Se 21.30620000 27.45270000 3.99310000
Se 21.38950000 27.49050000 7.28032000
W 19.70670000 28.41960000 5.66442000
Se 22.95020000 30.30030000 3.94346000
Se 23.00790000 30.29570000 7.23144000
W 21.33800000 31.24560000 5.61478000
Se 24.59430000 33.14790000 3.94346000
Se 24.62710000 33.10020000 7.23144000
W 22.96960000 34.07150000 5.61478000
Se 26.23840000 35.99550000 3.99310000
Se 26.24720000 35.90440000 7.28032000
W 24.60130000 36.89720000 5.66442000
Se 27.88220000 38.84250000 4.09169000
Se 27.86860000 38.70870000 7.37743000
W 26.23320000 39.72300000 5.76312000
Se 29.52550000 41.68860000 4.23740000
Se 29.49180000 41.51390000 7.52107000
W 27.86550000 42.54880000 5.90918000
Se 31.16780000 44.53290000 4.42624000
Se 31.11820000 44.32130000 7.70757000
W 29.49860000 45.37510000 6.09892000
Se 32.80860000 47.37480000 4.65073000
Se 32.74930000 47.13370000 7.92998000
W 31.13290000 48.20300000 6.32515000
Se 34.44770000 50.21350000 4.89843000
Se 34.38750000 49.95490000 8.17656000
W 32.76950000 51.03390000 6.57569000
Se 36.08540000 53.04910000 5.15150000
Se 36.03470000 52.78970000 8.43003000
W 34.40970000 53.87040000 6.83269000
Se 37.72240000 55.88260000 5.38814000
Se 37.69240000 55.64210000 8.66861000
W 36.05460000 56.71490000 7.07384000
Se 39.36000000 58.71610000 5.58633000
Se 39.36000000 58.51370000 8.86956000
W 37.70500000 59.56900000 7.27625000
Se 40.99870000 61.55130000 5.72801000
Se 41.03460000 61.40210000 9.01383000
W 39.36000000 62.43220000 7.42105000
Se 42.63790000 64.38860000 5.80154000
Se 42.71230000 64.30170000 9.08887000
W 41.01780000 65.30170000 7.49618000
Se 44.27680000 67.22720000 5.80154000
Se 44.38920000 67.20620000 9.08887000
W 6.62724000 0.00085578 7.38517000
Se 9.82790000 1.89127000 5.55378000
Se 10.03330000 1.93334000 8.83654000
W 8.27920000 2.86895000 7.27625000
Se 11.46300000 4.72725000 5.38814000
Se 11.68630000 4.82157000 8.66861000
W 9.92566000 5.73058000 7.10447000
Se 13.09820000 7.56226000 5.17649000
Se 13.32770000 7.69473000 8.45504000
W 11.56630000 8.58359000 6.88526000
Se 14.73460000 10.39770000 4.93826000
Se 14.95870000 10.55070000 8.21601000
W 13.20210000 11.42790000 6.63934000
Se 16.37290000 13.23520000 4.69456000
Se 16.58200000 13.39080000 7.97291000
W 14.83460000 14.26520000 6.38896000
Se 18.01300000 16.07560000 4.46450000
Se 18.20080000 16.21810000 7.74456000
W 16.46520000 17.09770000 6.15384000
Se 19.65460000 18.91870000 4.26276000
Se 19.81760000 19.03650000 7.54506000
W 18.09530000 19.92730000 5.94868000
Se 21.29740000 21.76390000 4.09915000
Se 21.43410000 21.84920000 7.38363000
W 19.72550000 22.75530000 5.78296000
Se 22.94080000 24.61060000 3.97947000
Se 23.05110000 24.65840000 7.26570000
W 21.35600000 25.58240000 5.66210000
Se 24.58470000 27.45810000 3.90675000
Se 24.66910000 27.46560000 7.19409000
W 22.98710000 28.40910000 5.58881000
Se 26.22880000 30.30580000 3.88238000
Se 26.28820000 30.27150000 7.17009000
W 24.61850000 31.23550000 5.56427000
Se 27.87290000 33.15350000 3.90675000
Se 27.90860000 33.07670000 7.19409000
W 26.25050000 34.06160000 5.58881000
Se 29.51700000 36.00090000 3.97947000
Se 29.53070000 35.88150000 7.26570000
W 27.88300000 36.88740000 5.66210000
Se 31.16050000 38.84750000 4.09915000
Se 31.15510000 38.68650000 7.38363000
W 29.51610000 39.71310000 5.78296000
Se 32.80330000 41.69280000 4.26276000
Se 32.78270000 41.49270000 7.54506000
W 31.15020000 42.53890000 5.94868000
Se 34.44460000 44.53600000 4.46450000
Se 34.41510000 44.30210000 7.74456000
W 32.78560000 45.36540000 6.15384000
Se 36.08440000 47.37660000 4.69456000
Se 36.05430000 47.11770000 7.97291000
W 34.42330000 48.19380000 6.38896000
Se 37.72260000 50.21410000 4.93826000
Se 37.70210000 49.94360000 8.21601000
W 36.06420000 51.02620000 6.63934000
Se 39.36000000 53.04900000 5.17649000
Se 39.36000000 52.78410000 8.45504000
W 37.70960000 53.86500000 6.88526000
Se 40.99760000 55.88260000 5.38814000
Se 41.02760000 55.64210000 8.66861000
W 39.36000000 56.71240000 7.10447000
Se 42.63610000 58.71670000 5.55378000
Se 42.70230000 58.51780000 8.83654000
W 41.01500000 59.56900000 7.27625000
Se 44.27520000 61.55230000 5.65883000
Se 44.38030000 61.40780000 8.94339000
W 42.67290000 62.43370000 7.38517000
Se 45.91410000 64.38950000 5.69475000
Se 46.05730000 64.30680000 8.97999000
W 44.33110000 65.30340000 7.42239000
Se 47.55180000 67.22740000 5.65883000
Se 47.72950000 67.20860000 8.94339000
W 9.92970000 0.00187514 7.20944000
Se 13.09990000 1.89068000 5.33027000
Se 13.34400000 1.93057000 8.61026000
W 11.57610000 2.86678000 7.07384000
Se 14.73550000 4.72630000 5.15150000
Se 14.98540000 4.81214000 8.43003000
W 13.21680000 5.72495000 6.88526000
Se 16.37200000 7.56170000 4.93826000
Se 16.61650000 7.67921000 8.21601000
W 14.85240000 8.57503000 6.66105000
Se 18.01020000 10.39820000 4.70935000
Se 18.23980000 10.53070000 7.98736000
W 16.48440000 11.41750000 6.42162000
Se 19.65000000 13.23690000 4.48350000
Se 19.85800000 13.36830000 7.76280000
W 18.11440000 14.25410000 6.18696000
Se 21.29130000 16.07830000 4.27671000
Se 21.47400000 16.19480000 7.55797000
W 19.74370000 17.08660000 5.97359000
Se 22.93380000 18.92220000 4.10091000
Se 23.08960000 19.01350000 7.38430000
W 21.37310000 19.91670000 5.79332000
Se 24.57700000 21.76800000 3.96401000
Se 24.70580000 21.82700000 7.24930000
W 23.00300000 22.74540000 5.65365000
Se 26.22070000 24.61500000 3.87072000
Se 26.32330000 24.63720000 7.15738000
W 24.63370000 25.57320000 5.55882000
Se 27.86480000 27.46270000 3.82355000
Se 27.94220000 27.44530000 7.11093000
W 26.26500000 28.40040000 5.51097000
Se 29.50900000 30.31050000 3.82355000
Se 29.56280000 30.25220000 7.11093000
W 27.89700000 31.22720000 5.51097000
Se 31.15310000 33.15820000 3.87072000
Se 31.18520000 33.05830000 7.15738000
W 29.52980000 34.05360000 5.55882000
Se 32.79690000 36.00520000 3.96401000
Se 32.81020000 35.86420000 7.24930000
W 31.16350000 36.87960000 5.65365000
Se 34.43980000 38.85120000 4.10091000
Se 34.43870000 38.67060000 7.38430000
W 32.79820000 39.70550000 5.79332000
Se 36.08150000 41.69550000 4.27671000
Se 36.07190000 41.47910000 7.55797000
W 34.43440000 42.53170000 5.97359000
Se 37.72150000 44.53770000 4.48350000
Se 37.71180000 44.29180000 7.76280000
W 36.07280000 45.35900000 6.18696000
Se 39.36000000 47.37720000 4.70935000
Se 39.36000000 47.11210000 7.98736000
W 37.71430000 48.18890000 6.42162000
Se 40.99740000 50.21410000 4.93826000
Se 41.01790000 49.94360000 8.21601000
W 39.36000000 51.02350000 6.66105000
Se 42.63460000 53.04910000 5.15150000
Se 42.68530000 52.78970000 8.43003000
W 41.01040000 53.86500000 6.88526000
Se 44.27260000 55.88330000 5.33027000
Se 44.36010000 55.65200000 8.61026000
W 42.66540000 56.71490000 7.07384000
Se 45.91130000 58.71800000 5.45869000
Se 46.03840000 58.52940000 8.74018000
W 44.32320000 59.57320000 7.20944000
Se 47.55000000 61.55380000 5.52566000
Se 47.71570000 61.41860000 8.80810000
W 45.98160000 62.43810000 7.28015000
Se 49.18780000 64.39060000 5.52566000
Se 49.38780000 64.31470000 8.80810000
W 47.63780000 65.30680000 7.28015000
Se 50.82440000 67.22770000 5.45869000
Se 51.05130000 67.21190000 8.74018000
W 13.22120000 0.00309911 6.98447000
Se 16.37280000 1.89032000 5.07841000
Se 16.63240000 1.92760000 8.35693000
W 14.86210000 2.86447000 6.83269000
Se 18.01000000 4.72586000 4.89843000
Se 18.26400000 4.80294000 8.17656000
W 16.49790000 5.71942000 6.63934000
Se 19.64850000 7.56171000 4.69456000
Se 19.88780000 7.66506000 7.97291000
W 18.13010000 8.56715000 6.42162000
Se 21.28850000 10.39900000 4.48350000
Se 21.50630000 10.51340000 7.76280000
W 19.75990000 11.40840000 6.19800000
Se 22.92980000 13.23850000 4.28110000
Se 23.12210000 13.34960000 7.56197000
W 21.38890000 14.24470000 5.98545000
Se 24.57210000 16.08060000 4.10063000
Se 24.73730000 16.17600000 7.38340000
W 23.01780000 17.07750000 5.79757000
Se 26.21520000 18.92500000 3.95201000
Se 26.35310000 18.99530000 7.23663000
W 24.64730000 19.90810000 5.64400000
Se 27.85880000 21.77120000 3.84193000
Se 27.97010000 21.80970000 7.12806000
W 26.27760000 22.73740000 5.53092000
Se 29.50280000 24.61850000 3.77446000
Se 29.58880000 24.62100000 7.06158000
W 27.90870000 25.56590000 5.46189000
Se 31.14700000 27.46630000 3.75176000
Se 31.20930000 27.43030000 7.03921000
W 29.54070000 28.39370000 5.43870000
Se 32.79120000 30.31410000 3.77446000
Se 32.83190000 30.23830000 7.06158000
W 31.17370000 31.22090000 5.46189000
Se 34.43500000 33.16150000 3.84193000
Se 34.45730000 33.04580000 7.12806000
W 32.80760000 34.04780000 5.53092000
Se 36.07800000 36.00800000 3.95201000
Se 36.08610000 35.85350000 7.23663000
W 34.44270000 36.87430000 5.64400000
Se 37.71980000 38.85320000 4.10063000
Se 37.71990000 38.66240000 7.38340000
W 36.07940000 39.70080000 5.79757000
Se 39.36000000 41.69650000 4.28110000
Se 39.36000000 41.47440000 7.56197000
W 37.71820000 42.52790000 5.98545000
Se 40.99850000 44.53770000 4.48350000
Se 41.00820000 44.29180000 7.76280000
W 39.36000000 45.35670000 6.19800000
Se 42.63560000 47.37660000 4.69456000
Se 42.66570000 47.11770000 7.97291000
W 41.00570000 48.18890000 6.42162000
Se 44.27230000 50.21350000 4.89843000
Se 44.33250000 49.95490000 8.17656000
W 42.65580000 51.02620000 6.63934000
Se 45.90940000 53.04910000 5.07841000
Se 46.00690000 52.80560000 8.35693000
W 44.31030000 53.87040000 6.83269000
Se 47.54720000 55.88410000 5.21919000
Se 47.68510000 55.67010000 8.49844000
W 45.96790000 56.72210000 6.98447000
Se 49.18540000 58.71940000 5.30872000
Se 49.36260000 58.54690000 8.58864000
W 47.62620000 59.58080000 7.08116000
Se 50.82330000 61.55520000 5.33943000
Se 51.03480000 61.43310000 8.61961000
W 49.28250000 62.44480000 7.11434000
Se 52.46020000 64.39150000 5.30872000
Se 52.69820000 64.32430000 8.58864000
W 50.93460000 65.31110000 7.08116000
Se 54.09650000 67.22790000 5.21919000
Se 54.35090000 67.21550000 8.49844000
W 16.50210000 0.00432365 6.73170000
Se 19.64870000 1.89013000 4.82129000
Se 19.90160000 1.92483000 8.10008000
W 18.13860000 2.86230000 6.57569000
Se 21.28790000 4.72571000 4.65073000
Se 21.52630000 4.79491000 7.92998000
W 19.77130000 5.71451000 6.38896000
Se 22.92830000 7.56192000 4.46450000
Se 23.14570000 7.65332000 7.74456000
W 21.40160000 8.56050000 6.18696000
Se 24.56990000 10.39970000 4.27671000
Se 24.76210000 10.49970000 7.55797000
W 23.03070000 11.40100000 5.98545000
Se 26.21230000 13.23980000 4.10063000
Se 26.37740000 13.33510000 7.38340000
W 24.65950000 14.23720000 5.79861000
Se 27.85530000 16.08230000 3.94751000
Se 27.99310000 16.16180000 7.23188000
W 26.28880000 17.07040000 5.63778000
Se 29.49890000 18.92700000 3.82594000
Se 29.61000000 18.98200000 7.11179000
W 27.91890000 19.90160000 5.51118000
Se 31.14280000 21.77340000 3.74188000
Se 31.22850000 21.79750000 7.02885000
W 29.54980000 22.73160000 5.42420000
Se 32.78700000 24.62090000 3.69899000
Se 32.84890000 24.61000000 6.98656000
W 31.18180000 25.56060000 5.37999000
Se 34.43120000 27.46870000 3.69899000
Se 34.47160000 27.42050000 6.98656000
W 32.81470000 28.38900000 5.37999000
Se 36.07510000 30.31630000 3.74188000
Se 36.09710000 30.23010000 7.02885000
W 34.44880000 31.21680000 5.42420000
Se 37.71820000 33.16320000 3.82594000
Se 37.72610000 33.03950000 7.11179000
W 36.08410000 34.04430000 5.51118000
Se 39.36000000 36.00900000 3.94751000
Se 39.36000000 35.84980000 7.23188000
W 37.72100000 36.87160000 5.63778000
Se 41.00020000 38.85320000 4.10063000
Se 41.00010000 38.66240000 7.38340000
W 39.36000000 39.69910000 5.79861000
Se 42.63850000 41.69550000 4.27671000
Se 42.64810000 41.47910000 7.55797000
W 41.00180000 42.52790000 5.98545000
Se 44.27540000 44.53600000 4.46450000
Se 44.30490000 44.30210000 7.74456000
W 42.64720000 45.35900000 6.18696000
Se 45.91140000 47.37480000 4.65073000
Se 45.97070000 47.13370000 7.92998000
W 44.29670000 48.19380000 6.38896000
Se 47.54750000 50.21220000 4.82129000
Se 47.64390000 49.97580000 8.10008000
W 45.95050000 51.03390000 6.57569000
Se 49.18420000 53.04850000 4.96278000
Se 49.32130000 52.82920000 8.24139000
W 47.60730000 53.88010000 6.73170000
Se 50.82160000 55.88440000 5.06392000
Se 50.99840000 55.69360000 8.34253000
W 49.26520000 56.73260000 6.84374000
Se 52.45910000 58.72010000 5.11662000
Se 52.67060000 58.56770000 8.39526000
W 50.92140000 59.59060000 6.90226000
Se 54.09640000 61.55600000 5.11662000
Se 54.33410000 61.44910000 8.39526000
W 52.57380000 62.45250000 6.90226000
Se 55.73350000 64.39210000 5.06392000
Se 55.98710000 64.33430000 8.34253000
W 54.22070000 65.31580000 6.84374000
Se 57.37070000 67.22800000 4.96278000
Se 57.62920000 67.21900000 8.24139000
W 19.77490000 0.00541832 6.47446000
Se 22.92840000 1.89004000 4.57961000
Se 23.15690000 1.92254000 7.86006000
W 21.40850000 2.86044000 6.32515000
Se 24.56940000 4.72564000 4.42624000
Se 24.77750000 4.78849000 7.70757000
W 23.03960000 5.71048000 6.15384000
Se 26.21140000 7.56206000 4.26276000
Se 26.39490000 7.64429000 7.54506000
W 24.66930000 8.55523000 5.97359000
Se 27.85400000 10.40010000 4.10091000
Se 28.01090000 10.48940000 7.38430000
W 26.29840000 11.39530000 5.79757000
Se 29.49710000 13.24050000 3.95201000
Se 29.62690000 13.32480000 7.23663000
W 27.92780000 14.23160000 5.63778000
Se 31.14070000 16.08330000 3.82594000
Se 31.24390000 16.15200000 7.11179000
W 29.55780000 17.06520000 5.50406000
Se 32.78470000 18.92820000 3.73046000
Se 32.86230000 18.97310000 7.01738000
W 31.18870000 19.89700000 5.40373000
Se 34.42880000 21.77480000 3.67104000
Se 34.48270000 21.78970000 6.95870000
W 32.82060000 22.72760000 5.34169000
Se 36.07300000 24.62220000 3.65089000
Se 36.10540000 24.60360000 6.93880000
W 34.45350000 25.55730000 5.32072000
Se 37.71690000 27.46990000 3.67104000
Se 37.73090000 27.41570000 6.95870000
W 36.08760000 28.38630000 5.34169000
Se 39.36000000 30.31710000 3.73046000
Se 39.36000000 30.22740000 7.01738000
W 37.72300000 31.21480000 5.40373000
Se 41.00180000 33.16320000 3.82594000
Se 40.99390000 33.03950000 7.11179000
W 39.36000000 34.04310000 5.50406000
Se 42.64200000 36.00800000 3.95201000
Se 42.63390000 35.85350000 7.23663000
W 40.99900000 36.87160000 5.63778000
Se 44.28020000 38.85120000 4.10091000
Se 44.28130000 38.67060000 7.38430000
W 42.64060000 39.70080000 5.79757000
Se 45.91670000 41.69280000 4.26276000
Se 45.93730000 41.49270000 7.54506000
W 44.28560000 42.53170000 5.97359000
Se 47.55220000 44.53290000 4.42624000
Se 47.60180000 44.32130000 7.70757000
W 45.93440000 45.36540000 6.15384000
Se 49.18740000 47.37190000 4.57961000
Se 49.27350000 47.15780000 7.86006000
W 47.58710000 48.20300000 6.32515000
Se 50.82300000 50.20990000 4.71180000
Se 50.94940000 50.00300000 7.99142000
W 49.24280000 51.04520000 6.47446000
Se 52.45940000 53.04710000 4.81341000
Se 52.62540000 52.85690000 8.09232000
W 50.89970000 53.89250000 6.59026000
Se 54.09640000 55.88380000 4.87733000
Se 54.29710000 55.71920000 8.15574000
W 52.55560000 56.74470000 6.66356000
Se 55.73380000 58.72010000 4.89914000
Se 55.96080000 58.58900000 8.17737000
W 54.20800000 59.60100000 6.68865000
Se 57.37140000 61.55630000 4.87733000
Se 57.61430000 61.46470000 8.15574000
W 55.85550000 62.46020000 6.66356000
Se 59.00960000 64.39230000 4.81341000
Se 59.25730000 64.34370000 8.09232000
W 57.49760000 65.32030000 6.59026000
Se 60.64850000 67.22800000 4.71180000
Se 60.89080000 67.22210000 7.99142000
W 23.04260000 0.00633904 6.23335000
Se 26.21150000 1.88997000 4.36883000
Se 26.40330000 1.92083000 7.65158000
W 24.67470000 2.85896000 6.09892000
Se 27.85390000 4.72557000 4.23740000
Se 28.02200000 4.78375000 7.52107000
W 26.30520000 5.70738000 5.94868000
Se 29.49680000 7.56208000 4.09915000
Se 29.63900000 7.63785000 7.38363000
W 27.93490000 8.55129000 5.79332000
Se 31.14010000 10.40030000 3.96401000
Se 31.25560000 10.48240000 7.24930000
W 29.56460000 11.39110000 5.64400000
Se 32.78380000 13.24080000 3.84193000
Se 32.87290000 13.31800000 7.12806000
W 31.19470000 14.22760000 5.51118000
Se 34.42780000 16.08380000 3.74188000
Se 34.49140000 16.14590000 7.02885000
W 32.82570000 17.06170000 5.40373000
Se 36.07190000 18.92880000 3.67104000
Se 36.11180000 18.96800000 6.95870000
W 34.45750000 19.89410000 5.32839000
Se 37.71610000 21.77540000 3.63438000
Se 37.73450000 21.78600000 6.92241000
W 36.09050000 22.72530000 5.28962000
Se 39.36000000 24.62270000 3.63438000
Se 39.36000000 24.60150000 6.92241000
W 37.72460000 25.55560000 5.28962000
Se 41.00310000 27.46990000 3.67104000
Se 40.98910000 27.41570000 6.95870000
W 39.36000000 28.38540000 5.32839000
Se 42.64490000 30.31630000 3.74188000
Se 42.62290000 30.23010000 7.02885000
W 40.99700000 31.21480000 5.40373000
Se 44.28500000 33.16150000 3.84193000
Se 44.26270000 33.04580000 7.12806000
W 42.63590000 34.04430000 5.51118000
Se 45.92310000 36.00520000 3.96401000
Se 45.90980000 35.86420000 7.24930000
W 44.27730000 36.87430000 5.64400000
Se 47.55950000 38.84750000 4.09915000
Se 47.56490000 38.68650000 7.38363000
W 45.92180000 39.70550000 5.79332000
Se 49.19450000 41.68860000 4.23740000
Se 49.22820000 41.51390000 7.52107000
W 47.56980000 42.53890000 5.94868000
Se 50.82900000 44.52870000 4.36883000
Se 50.89820000 44.34720000 7.65158000
W 49.22140000 45.37510000 6.09892000
Se 52.46370000 47.36810000 4.48452000
Se 52.57230000 47.18690000 7.76620000
W 50.87580000 48.21490000 6.23335000
Se 54.09920000 50.20680000 4.57724000
Se 54.24670000 50.03290000 7.85778000
W 52.53150000 51.05840000 6.34267000
Se 55.73550000 53.04490000 4.64176000
Se 55.91740000 52.88530000 7.92128000
W 54.18660000 53.90570000 6.41963000
Se 57.37270000 55.88250000 4.67478000
Se 57.58080000 55.74390000 7.95371000
W 55.83870000 56.75670000 6.45933000
Se 59.01070000 58.71960000 4.67478000
Se 59.23480000 58.60860000 7.95371000
W 57.48660000 59.61090000 6.45933000
Se 60.64950000 61.55620000 4.64176000
Se 60.87870000 61.47850000 7.92128000
W 59.12950000 62.46720000 6.41963000
Se 62.28920000 64.39240000 4.57724000
Se 62.51360000 64.35160000 7.85778000
W 60.76790000 65.32420000 6.34267000
Se 63.92990000 67.22810000 4.48452000
Se 64.14110000 67.22470000 7.76620000
W 26.30750000 0.00708676 6.02349000
Se 29.49710000 1.88993000 4.19880000
Se 29.64490000 1.91965000 7.48383000
W 27.93890000 2.85787000 5.90918000
Se 31.14030000 4.72546000 4.09169000
Se 31.26300000 4.78051000 7.37743000
W 29.56940000 5.70514000 5.78296000
Se 32.78380000 7.56200000 3.97947000
Se 32.88040000 7.63362000 7.26570000
W 31.19960000 8.54853000 5.65365000
Se 34.42760000 10.40030000 3.87072000
Se 34.49810000 10.47810000 7.15738000
W 32.83000000 11.38830000 5.53092000
Se 36.07160000 13.24090000 3.77446000
Se 36.11690000 13.31410000 7.06158000
W 34.46100000 14.22510000 5.42420000
Se 37.71580000 16.08400000 3.69899000
Se 37.73730000 16.14300000 6.98656000
W 36.09290000 17.05970000 5.34169000
Se 39.36000000 18.92900000 3.65089000
Se 39.36000000 18.96640000 6.93880000
W 37.72590000 19.89260000 5.28962000
Se 41.00390000 21.77540000 3.63438000
Se 40.98550000 21.78600000 6.92241000
W 39.36000000 22.72450000 5.27183000
Se 42.64700000 24.62220000 3.65089000
Se 42.61460000 24.60360000 6.93880000
W 40.99540000 25.55560000 5.28962000
Se 44.28880000 27.46870000 3.69899000
Se 44.24840000 27.42050000 6.98656000
W 42.63240000 28.38630000 5.34169000
Se 45.92880000 30.31410000 3.77446000
Se 45.88810000 30.23830000 7.06158000
W 44.27120000 31.21680000 5.42420000
Se 47.56690000 33.15820000 3.87072000
Se 47.53480000 33.05830000 7.15738000
W 45.91240000 34.04780000 5.53092000
Se 49.20300000 36.00090000 3.97947000
Se 49.18930000 35.88150000 7.26570000
W 47.55650000 36.87960000 5.65365000
Se 50.83780000 38.84250000 4.09169000
Se 50.85140000 38.70870000 7.37743000
W 49.20390000 39.71310000 5.78296000
Se 52.47180000 41.68330000 4.19880000
Se 52.52000000 41.54050000 7.48383000
W 50.85450000 42.54880000 5.90918000
Se 54.10590000 44.52370000 4.29354000
Se 54.19230000 44.37680000 7.57758000
W 52.50760000 45.38700000 6.02349000
Se 55.74060000 47.36360000 4.37066000
Se 55.86500000 47.21740000 7.65344000
W 54.16200000 48.22800000 6.11872000
Se 57.37630000 50.20320000 4.42694000
Se 57.53440000 50.06220000 7.70844000
W 55.81590000 51.07180000 6.18971000
Se 59.01310000 53.04240000 4.46093000
Se 59.19710000 52.91150000 7.74145000
W 57.46760000 53.91830000 6.23333000
Se 60.65120000 55.88100000 4.47227000
Se 60.85110000 55.76560000 7.75242000
W 59.11550000 56.76770000 6.24801000
Se 62.29050000 58.71900000 4.46093000
Se 62.49590000 58.62510000 7.74145000
W 60.75910000 59.61950000 6.23333000
Se 63.93090000 61.55610000 4.42694000
Se 64.13200000 61.48970000 7.70844000
W 62.39850000 62.47310000 6.18971000
Se 65.57220000 64.39250000 4.37066000
Se 65.76100000 64.35780000 7.65344000
W 64.03430000 65.32730000 6.11872000
Se 67.21430000 67.22810000 4.29354000
Se 67.38470000 67.22670000 7.57758000
W 29.57110000 0.00767553 5.85444000
Se 32.78410000 1.88990000 4.07497000
Se 32.88400000 1.91892000 7.36182000
W 31.20230000 2.85714000 5.76312000
Se 34.42780000 4.72537000 3.99310000
Se 34.50220000 4.77853000 7.28032000
W 32.83310000 5.70365000 5.66210000
Se 36.07170000 7.56191000 3.90675000
Se 36.12040000 7.63125000 7.19409000
W 34.46380000 8.54680000 5.55882000
Se 37.71580000 10.40030000 3.82355000
Se 37.73950000 10.47600000 7.11093000
W 36.09510000 11.38670000 5.46189000
Se 39.36000000 13.24100000 3.75176000
Se 39.36000000 13.31290000 7.03921000
W 37.72700000 14.22390000 5.37999000
Se 41.00420000 16.08400000 3.69899000
Se 40.98270000 16.14300000 6.98656000
W 39.36000000 17.05900000 5.32072000
Se 42.64810000 18.92880000 3.67104000
Se 42.60820000 18.96800000 6.95870000
W 40.99410000 19.89260000 5.28962000
Se 44.29120000 21.77480000 3.67104000
Se 44.23730000 21.78970000 6.95870000
W 42.62950000 22.72530000 5.28962000
Se 45.93300000 24.62090000 3.69899000
Se 45.87110000 24.61000000 6.98656000
W 44.26650000 25.55730000 5.32072000
Se 47.57300000 27.46630000 3.75176000
Se 47.51070000 27.43030000 7.03921000
W 45.90530000 28.38900000 5.37999000
Se 49.21100000 30.31050000 3.82355000
Se 49.15720000 30.25220000 7.11093000
W 47.54630000 31.22090000 5.46189000
Se 50.84710000 33.15350000 3.90675000
Se 50.81140000 33.07670000 7.19409000
W 49.19020000 34.05360000 5.55882000
Se 52.48160000 35.99550000 3.99310000
Se 52.47280000 35.90440000 7.28032000
W 50.83700000 36.88740000 5.66210000
Se 54.11540000 38.83670000 4.07497000
Se 54.14020000 38.73560000 7.36182000
W 52.48680000 39.72300000 5.76312000
Se 55.74900000 41.67760000 4.14638000
Se 55.81110000 41.57010000 7.43249000
W 54.13890000 42.56040000 5.85444000
Se 57.38310000 44.51830000 4.20358000
Se 57.48220000 44.40720000 7.48859000
W 55.79210000 45.39980000 5.93061000
Se 59.01830000 47.35900000 4.24517000
Se 59.15010000 47.24660000 7.52890000
W 57.44490000 48.24100000 5.98844000
Se 60.65480000 50.19970000 4.27160000
Se 60.81190000 50.08860000 7.55416000
W 59.09580000 51.08420000 6.02675000
Se 62.29280000 53.04010000 4.28426000
Se 62.46560000 52.93380000 7.56613000
W 60.74350000 53.92940000 6.04569000
Se 63.93230000 55.87990000 4.28426000
Se 64.11080000 55.78330000 7.56613000
W 62.38750000 56.77690000 6.04569000
Se 65.57320000 58.71860000 4.27160000
Se 65.74790000 58.63810000 7.55416000
W 64.02770000 59.62650000 6.02675000
Se 67.21500000 61.55620000 4.24517000
Se 67.37830000 61.49820000 7.52890000
W 65.66450000 62.47780000 5.98844000
Se 68.85760000 64.39260000 4.20358000
Se 69.00340000 64.36240000 7.48859000
W 67.29870000 65.32980000 5.93061000
Se 70.50070000 67.22820000 4.14638000
Se 70.62480000 67.22820000 7.43249000
W 32.83420000 0.00810890 5.73142000
Se 36.07190000 1.88988000 3.99998000
Se 36.12220000 1.91853000 7.28797000
W 34.46540000 2.85670000 5.66442000
Se 37.71590000 4.72531000 3.94346000
Se 37.74080000 4.77760000 7.23144000
W 36.09660000 5.70281000 5.58881000
Se 39.36000000 7.56187000 3.88238000
Se 39.36000000 7.63050000 7.17009000
W 37.72800000 8.54596000 5.51097000
Se 41.00420000 10.40030000 3.82355000
Se 40.98050000 10.47600000 7.11093000
W 39.36000000 11.38620000 5.43870000
Se 42.64840000 13.24090000 3.77446000
Se 42.60310000 13.31410000 7.06158000
W 40.99300000 14.22390000 5.37999000
Se 44.29220000 16.08380000 3.74188000
Se 44.22860000 16.14590000 7.02885000
W 42.62710000 17.05970000 5.34169000
Se 45.93530000 18.92820000 3.73046000
Se 45.85770000 18.97310000 7.01738000
W 44.26250000 19.89410000 5.32839000
Se 47.57720000 21.77340000 3.74188000
Se 47.49150000 21.79750000 7.02885000
W 45.89940000 22.72760000 5.34169000
Se 49.21720000 24.61850000 3.77446000
Se 49.13120000 24.62100000 7.06158000
W 47.53820000 25.56060000 5.37999000
Se 50.85520000 27.46270000 3.82355000
Se 50.77780000 27.44530000 7.11093000
W 49.17930000 28.39370000 5.43870000
Se 52.49120000 30.30580000 3.88238000
Se 52.43180000 30.27150000 7.17009000
W 50.82300000 31.22720000 5.51097000
Se 54.12570000 33.14790000 3.94346000
Se 54.09290000 33.10020000 7.23144000
W 52.46950000 34.06160000 5.58881000
Se 55.75930000 35.98940000 3.99998000
Se 55.75960000 35.93150000 7.28797000
W 54.11870000 36.89720000 5.66442000
Se 57.39260000 38.83050000 4.04690000
Se 57.42950000 38.76500000 7.33450000
W 55.77010000 39.73420000 5.73142000
Se 59.02640000 41.67170000 4.08166000
Se 59.09940000 41.59990000 7.36845000
W 57.42230000 42.57260000 5.78564000
Se 60.66110000 44.51310000 4.10425000
Se 60.76610000 44.43570000 7.38994000
W 59.07420000 45.41210000 5.82544000
Se 62.29730000 47.35480000 4.11676000
Se 62.42690000 47.27240000 7.40134000
W 60.72420000 48.25280000 5.85144000
Se 63.93520000 50.19680000 4.12237000
Se 64.08010000 50.11050000 7.40610000
W 62.37150000 51.09490000 5.86563000
Se 65.57480000 53.03840000 4.12386000
Se 65.72540000 52.95150000 7.40729000
W 64.01560000 53.93860000 5.87007000
Se 67.21590000 55.87920000 4.12237000
Se 67.36310000 55.79680000 7.40610000
W 65.65630000 56.78420000 5.86563000
Se 68.85810000 58.71860000 4.11676000
Se 68.99440000 58.64760000 7.40134000
W 67.29390000 59.63190000 5.85144000
Se 70.50110000 61.55640000 4.10425000
Se 70.62060000 61.50420000 7.38994000
W 68.92900000 62.48130000 5.82544000
Se 72.14440000 64.39280000 4.08166000
Se 72.24310000 64.36550000 7.36845000
W 70.56220000 65.33160000 5.78564000
Se 73.78810000 67.22830000 4.04690000
Se 73.86330000 67.22920000 7.33450000
W 36.09710000 0.00837482 5.65694000
Se 39.36000000 1.88988000 3.97488000
Se 39.36000000 1.91841000 7.26326000
W 37.72850000 2.85649000 5.61478000
Se 41.00410000 4.72531000 3.94346000
Se 40.97920000 4.77760000 7.23144000
W 39.36000000 5.70254000 5.56427000
Se 42.64830000 7.56191000 3.90675000
Se 42.59960000 7.63125000 7.19409000
W 40.99200000 8.54596000 5.51097000
Se 44.29240000 10.40030000 3.87072000
Se 44.22190000 10.47810000 7.15738000
W 42.62490000 11.38670000 5.46189000
Se 45.93620000 13.24080000 3.84193000
Se 45.84710000 13.31800000 7.12806000
W 44.25900000 14.22510000 5.42420000
Se 47.57930000 16.08330000 3.82594000
Se 47.47610000 16.15200000 7.11179000
W 45.89430000 17.06170000 5.40373000
Se 49.22110000 18.92700000 3.82594000
Se 49.11000000 18.98200000 7.11179000
W 47.53130000 19.89700000 5.40373000
Se 50.86120000 21.77120000 3.84193000
Se 50.74990000 21.80970000 7.12806000
W 49.17020000 22.73160000 5.42420000
Se 52.49930000 24.61500000 3.87072000
Se 52.39670000 24.63720000 7.15738000
W 50.81130000 25.56590000 5.46189000
Se 54.13530000 27.45810000 3.90675000
Se 54.05090000 27.46560000 7.19409000
W 52.45500000 28.40040000 5.51097000
Se 55.76980000 30.30030000 3.94346000
Se 55.71210000 30.29570000 7.23144000
W 54.10150000 31.23550000 5.56427000
Se 57.40330000 33.14180000 3.97488000
Se 57.37860000 33.12760000 7.26326000
W 55.75040000 34.07150000 5.61478000
Se 59.03650000 35.98310000 3.99684000
Se 59.04800000 35.96070000 7.28521000
W 57.40130000 36.90830000 5.65694000
Se 60.67010000 38.82450000 4.00770000
Se 60.71710000 38.79420000 7.29562000
W 59.05290000 39.74600000 5.68760000
Se 62.30450000 41.66620000 4.00854000
Se 62.38300000 41.62760000 7.29567000
W 60.70400000 42.58430000 5.70632000
Se 63.94040000 44.50860000 4.00273000
Se 64.04300000 44.46050000 7.28894000
W 62.35340000 45.42320000 5.71512000
Se 65.57810000 47.35150000 3.99494000
Se 65.69570000 47.29340000 7.28036000
W 64.00020000 48.26290000 5.71764000
Se 67.21770000 50.19470000 3.98967000
Se 67.34070000 50.12750000 7.27464000
W 65.64420000 51.10360000 5.71768000
Se 68.85900000 53.03740000 3.98967000
Se 68.97870000 52.96450000 7.27464000
W 67.28510000 53.94570000 5.71768000
Se 70.50150000 55.87900000 3.99494000
Se 70.61060000 55.80620000 7.28036000
W 68.92320000 56.78980000 5.71764000
Se 72.14470000 58.71870000 4.00273000
Se 72.23760000 58.65400000 7.28894000
W 70.55900000 59.63580000 5.71512000
Se 73.78830000 61.55660000 4.00854000
Se 73.86090000 61.50800000 7.29567000
W 72.19290000 62.48370000 5.70632000
Se 75.43210000 64.39300000 4.00770000
Se 75.48180000 64.36730000 7.29562000
W 73.82540000 65.33270000 5.68760000
Se 77.07600000 67.22840000 3.99684000
Se 77.10120000 67.22960000 7.28521000
W 39.36000000 0.00846558 5.63202000
Se 42.64810000 1.88988000 3.99998000
Se 42.59780000 1.91853000 7.28797000
W 40.99150000 2.85649000 5.61478000
Se 44.29220000 4.72537000 3.99310000
Se 44.21780000 4.77853000 7.28032000
W 42.62340000 5.70281000 5.58881000
Se 45.93620000 7.56200000 3.97947000
Se 45.83960000 7.63362000 7.26570000
W 44.25620000 8.54680000 5.55882000
Se 47.57990000 10.40030000 3.96401000
Se 47.46440000 10.48240000 7.24930000
W 45.89000000 11.38830000 5.53092000
Se 49.22290000 13.24050000 3.95201000
Se 49.09310000 13.32480000 7.23663000
W 47.52530000 14.22760000 5.51118000
Se 50.86470000 16.08230000 3.94751000
Se 50.72690000 16.16180000 7.23188000
W 49.16220000 17.06520000 5.50406000
Se 52.50480000 18.92500000 3.95201000
Se 52.36690000 18.99530000 7.23663000
W 50.80110000 19.90160000 5.51118000
Se 54.14300000 21.76800000 3.96401000
Se 54.01420000 21.82700000 7.24930000
W 52.44240000 22.73740000 5.53092000
Se 55.77920000 24.61060000 3.97947000
Se 55.66890000 24.65840000 7.26570000
W 54.08630000 25.57320000 5.55882000
Se 57.41380000 27.45270000 3.99310000
Se 57.33050000 27.49050000 7.28032000
W 55.73290000 28.40910000 5.58881000
Se 59.04740000 30.29420000 3.99998000
Se 58.99740000 30.32350000 7.28797000
W 57.38200000 31.24560000 5.61478000
Se 60.68050000 33.13560000 3.99684000
Se 60.66680000 33.15670000 7.28521000
W 59.03270000 34.08250000 5.63202000
Se 62.31400000 35.97700000 3.98294000
Se 62.33570000 35.98960000 7.27124000
W 60.68390000 36.91980000 5.63825000
Se 63.94830000 38.81880000 3.96025000
Se 64.00110000 38.82120000 7.24812000
W 62.33460000 39.75730000 5.63399000
Se 65.58400000 41.66150000 3.93313000
Se 65.66060000 41.65140000 7.22038000
W 63.98350000 42.59480000 5.62232000
Se 67.22160000 44.50500000 3.90741000
Se 67.31290000 44.48040000 7.19409000
W 65.62990000 45.43260000 5.60819000
Se 68.86110000 47.34920000 3.88902000
Se 68.95770000 47.30930000 7.17530000
W 67.27360000 48.27090000 5.59693000
Se 70.50240000 50.19350000 3.88235000
Se 70.59570000 50.13960000 7.16849000
W 68.91460000 51.11020000 5.59266000
Se 72.14500000 53.03700000 3.88902000
Se 72.22780000 52.97330000 7.17530000
W 70.55300000 53.95090000 5.59693000
Se 73.78840000 55.87900000 3.90741000
Se 73.85530000 55.81220000 7.19409000
W 72.18920000 56.79360000 5.60819000
Se 75.43210000 58.71890000 3.93313000
Se 75.47910000 58.65760000 7.22038000
W 73.82360000 59.63830000 5.62232000
Se 77.07600000 61.55680000 3.96025000
Se 77.10040000 61.50990000 7.24812000
W 75.45650000 62.48510000 5.63399000
Se 78.72000000 64.39310000 3.98294000
Se 78.72000000 64.36790000 7.27124000
W 77.08850000 65.33330000 5.63825000
Se 80.36400000 67.22840000 3.99684000
Se 80.33880000 67.22960000 7.28521000
W 42.62290000 0.00837482 5.65694000
Se 45.93590000 1.88990000 4.07497000
Se 45.83600000 1.91892000 7.36182000
W 44.25460000 2.85670000 5.66442000
Se 47.57970000 4.72546000 4.09169000
Se 47.45700000 4.78051000 7.37743000
W 45.88690000 5.70365000 5.66210000
Se 49.22320000 7.56208000 4.09915000
Se 49.08100000 7.63785000 7.38363000
W 47.52040000 8.54853000 5.65365000
Se 50.86600000 10.40010000 4.10091000
Se 50.70910000 10.48940000 7.38430000
W 49.15540000 11.39110000 5.64400000
Se 52.50770000 13.23980000 4.10063000
Se 52.34260000 13.33510000 7.38340000
W 50.79220000 14.23160000 5.63778000
Se 54.14790000 16.08060000 4.10063000
Se 53.98270000 16.17600000 7.38340000
W 52.43120000 17.07040000 5.63778000
Se 55.78620000 18.92220000 4.10091000
Se 55.63040000 19.01350000 7.38430000
W 54.07270000 19.90810000 5.64400000
Se 57.42260000 21.76390000 4.09915000
Se 57.28590000 21.84920000 7.38363000
W 55.71700000 22.74540000 5.65365000
Se 59.05750000 24.60560000 4.09169000
Se 58.94850000 24.68430000 7.37743000
W 57.36400000 25.58240000 5.66210000
Se 60.69120000 27.44690000 4.07497000
Se 60.61610000 27.51900000 7.36182000
W 59.01330000 28.41960000 5.66442000
Se 62.32450000 30.28820000 4.04690000
Se 62.28620000 30.35290000 7.33450000
W 60.66420000 31.25680000 5.65694000
Se 63.95800000 33.12960000 4.00770000
Se 63.95540000 33.18550000 7.29562000
W 62.31550000 34.09390000 5.63825000
Se 65.59220000 35.97140000 3.96025000
Se 65.62070000 36.01600000 7.24812000
W 63.96590000 36.93070000 5.60975000
Se 67.22790000 38.81400000 3.90975000
Se 67.28000000 38.84410000 7.19736000
W 65.61450000 39.76720000 5.57543000
Se 68.86530000 41.65770000 3.86294000
Se 68.93200000 41.67020000 7.15027000
W 67.26070000 42.60340000 5.54119000
Se 70.50480000 44.50240000 3.82681000
Se 70.57670000 44.49510000 7.11394000
W 68.90420000 45.43980000 5.51357000
Se 72.14610000 47.34770000 3.80713000
Se 72.21460000 47.32020000 7.09417000
W 70.54510000 48.27680000 5.49815000
Se 73.78870000 50.19280000 3.80713000
Se 73.84680000 50.14730000 7.09417000
W 72.18360000 51.11480000 5.49815000
Se 75.43220000 53.03690000 3.82681000
Se 75.47450000 52.97830000 7.11394000
W 73.82010000 53.95430000 5.51357000
Se 77.07600000 55.87910000 3.86294000
Se 77.09860000 55.81510000 7.15027000
W 75.45470000 56.79580000 5.54119000
Se 78.72000000 58.71900000 3.90975000
Se 78.72000000 58.65880000 7.19736000
W 77.08790000 59.63960000 5.57543000
Se 80.36400000 61.55680000 3.96025000
Se 80.33960000 61.50990000 7.24812000
W 78.72000000 62.48550000 5.60975000
Se 82.00790000 64.39300000 4.00770000
Se 81.95820000 64.36730000 7.29562000
W 80.35150000 65.33330000 5.63825000
Se 83.65190000 67.22830000 4.04690000
Se 83.57670000 67.22920000 7.33450000
W 45.88580000 0.00810890 5.73142000
Se 49.22290000 1.88993000 4.19880000
Se 49.07510000 1.91965000 7.48383000
W 47.51770000 2.85714000 5.76312000
Se 50.86610000 4.72557000 4.23740000
Se 50.69800000 4.78375000 7.52107000
W 49.15060000 5.70514000 5.78296000
Se 52.50860000 7.56206000 4.26276000
Se 52.32510000 7.64429000 7.54506000
W 50.78510000 8.55129000 5.79332000
Se 54.15010000 10.39970000 4.27671000
Se 53.95790000 10.49970000 7.55797000
W 52.42160000 11.39530000 5.79757000
Se 55.79020000 13.23850000 4.28110000
Se 55.59790000 13.34960000 7.56197000
W 54.06050000 14.23720000 5.79861000
Se 57.42870000 16.07830000 4.27671000
Se 57.24600000 16.19480000 7.55797000
W 55.70220000 17.07750000 5.79757000
Se 59.06540000 18.91870000 4.26276000
Se 58.90240000 19.03650000 7.54506000
W 57.34690000 19.91670000 5.79332000
Se 60.70060000 21.75940000 4.23740000
Se 60.56610000 21.87590000 7.52107000
W 58.99450000 22.75530000 5.78296000
Se 62.33470000 24.60030000 4.19880000
Se 62.23510000 24.71340000 7.48383000
W 60.64450000 25.59340000 5.76312000
Se 63.96830000 27.44130000 4.14638000
Se 63.90630000 27.54880000 7.43249000
W 62.29590000 28.43120000 5.73142000
Se 65.60190000 30.28250000 4.08166000
Se 65.57620000 30.38160000 7.36845000
W 63.94750000 31.26830000 5.68760000
Se 67.23620000 33.12420000 4.00854000
Se 67.24200000 33.21140000 7.29567000
W 65.59810000 34.10470000 5.63399000
Se 68.87190000 35.96670000 3.93313000
Se 68.90140000 36.03800000 7.22038000
W 67.24670000 36.94030000 5.57543000
Se 70.50930000 38.81030000 3.86294000
Se 70.55350000 38.86180000 7.15027000
W 68.89270000 39.77520000 5.51865000
Se 72.14870000 41.65510000 3.80578000
Se 72.19800000 41.68350000 7.09321000
W 70.53610000 42.61000000 5.47107000
Se 73.79000000 44.50090000 3.76842000
Se 73.83590000 44.50460000 7.05596000
W 72.17690000 45.44500000 5.43942000
Se 75.43260000 47.34700000 3.75544000
Se 75.46810000 47.32650000 7.04302000
W 73.81550000 48.28070000 5.42831000
Se 77.07610000 50.19260000 3.76842000
Se 77.09580000 50.15100000 7.05596000
W 75.45200000 51.11750000 5.43942000
Se 78.72000000 53.03690000 3.80578000
Se 78.72000000 52.97990000 7.09321000
W 77.08670000 53.95600000 5.47107000
Se 80.36400000 55.87910000 3.86294000
Se 80.34140000 55.81510000 7.15027000
W 78.72000000 56.79660000 5.51865000
Se 82.00790000 58.71890000 3.93313000
Se 81.96090000 58.65760000 7.22038000
W 80.35210000 59.63960000 5.57543000
Se 83.65170000 61.55660000 4.00854000
Se 83.57910000 61.50800000 7.29567000
W 81.98350000 62.48510000 5.63399000
Se 85.29560000 64.39280000 4.08166000
Se 85.19690000 64.36550000 7.36845000
W 83.61460000 65.33270000 5.68760000
Se 86.93930000 67.22820000 4.14638000
Se 86.81520000 67.22820000 7.43249000
W 49.14890000 0.00767553 5.85444000
Se 52.50850000 1.88997000 4.36883000
Se 52.31670000 1.92083000 7.65158000
W 50.78110000 2.85787000 5.90918000
Se 54.15060000 4.72564000 4.42624000
Se 53.94250000 4.78849000 7.70757000
W 52.41480000 5.70738000 5.94868000
Se 55.79170000 7.56192000 4.46450000
Se 55.57430000 7.65332000 7.74456000
W 54.05070000 8.55523000 5.97359000
Se 57.43150000 10.39900000 4.48350000
Se 57.21370000 10.51340000 7.76280000
W 55.68930000 11.40100000 5.98545000
Se 59.07000000 13.23690000 4.48350000
Se 58.86200000 13.36830000 7.76280000
W 57.33110000 14.24470000 5.98545000
Se 60.70700000 16.07560000 4.46450000
Se 60.51920000 16.21810000 7.74456000
W 58.97630000 17.08660000 5.97359000
Se 62.34280000 18.91490000 4.42624000
Se 62.18430000 19.06370000 7.70757000
W 60.62470000 19.92730000 5.94868000
Se 63.97750000 21.75490000 4.36883000
Se 63.85490000 21.90550000 7.65158000
W 62.27560000 22.76690000 5.90918000
Se 65.61160000 24.59530000 4.29354000
Se 65.52760000 24.74350000 7.57758000
W 63.92780000 25.60550000 5.85444000
Se 67.24550000 27.43610000 4.20358000
Se 67.19880000 27.57750000 7.48859000
W 65.58010000 28.44290000 5.78564000
Se 68.88000000 30.27750000 4.10425000
Se 68.86550000 30.40710000 7.38994000
W 67.23110000 31.27900000 5.70632000
Se 70.51580000 33.11970000 4.00273000
Se 70.52540000 33.23260000 7.28894000
W 68.87990000 34.11390000 5.62232000
Se 72.15320000 35.96310000 3.90741000
Se 72.17760000 36.05440000 7.19409000
W 70.52600000 36.94780000 5.54119000
Se 73.79260000 38.80770000 3.82681000
Se 73.82220000 38.87370000 7.11394000
W 72.16940000 39.78110000 5.47107000
Se 75.43390000 41.65360000 3.76842000
Se 75.46010000 41.69150000 7.05596000
W 73.81020000 42.61430000 5.41951000
Se 77.07650000 44.50010000 3.73778000
Se 77.09230000 44.50920000 7.02555000
W 75.44870000 45.44800000 5.39219000
Se 78.72000000 47.34680000 3.73778000
Se 78.72000000 47.32850000 7.02555000
W 77.08520000 48.28260000 5.39219000
Se 80.36390000 50.19260000 3.76842000
Se 80.34420000 50.15100000 7.05596000
W 78.72000000 51.11840000 5.41951000
Se 82.00780000 53.03690000 3.82681000
Se 81.96550000 52.97830000 7.11394000
W 80.35330000 53.95600000 5.47107000
Se 83.65160000 55.87900000 3.90741000
Se 83.58470000 55.81220000 7.19409000
W 81.98530000 56.79580000 5.54119000
Se 85.29530000 58.71870000 4.00273000
Se 85.20240000 58.65400000 7.28894000
W 83.61640000 59.63830000 5.62232000
Se 86.93890000 61.55640000 4.10425000
Se 86.81940000 61.50420000 7.38994000
W 85.24710000 62.48370000 5.70632000
Se 88.58240000 64.39260000 4.20358000
Se 88.43660000 64.36240000 7.48859000
W 86.87780000 65.33160000 5.78564000
Se 90.22570000 67.22810000 4.29354000
Se 90.05530000 67.22670000 7.57758000
W 52.41250000 0.00708676 6.02349000
Se 55.79160000 1.89004000 4.57961000
Se 55.56310000 1.92254000 7.86006000
W 54.04530000 2.85896000 6.09892000
Se 57.43210000 4.72571000 4.65073000
Se 57.19370000 4.79491000 7.92998000
W 55.68040000 5.71048000 6.15384000
Se 59.07150000 7.56171000 4.69456000
Se 58.83220000 7.66506000 7.97291000
W 57.31840000 8.56050000 6.18696000
Se 60.70980000 10.39820000 4.70935000
Se 60.48020000 10.53070000 7.98736000
W 58.96010000 11.40840000 6.19800000
Se 62.34710000 13.23520000 4.69456000
Se 62.13800000 13.39080000 7.97291000
W 60.60560000 14.25410000 6.18696000
Se 63.98350000 16.07300000 4.65073000
Se 63.80430000 16.24490000 7.92998000
W 62.25480000 17.09770000 6.15384000
Se 65.61900000 18.91160000 4.57961000
Se 65.47660000 19.09310000 7.86006000
W 63.90670000 19.93940000 6.09892000
Se 67.25380000 21.75090000 4.48452000
Se 67.15110000 21.93550000 7.76620000
W 65.56010000 22.77940000 6.02349000
Se 68.88840000 24.59100000 4.37066000
Se 68.82400000 24.77180000 7.65344000
W 67.21340000 25.61750000 5.93061000
Se 70.52320000 27.43180000 4.24517000
Se 70.49180000 27.60220000 7.52890000
W 68.86510000 28.45370000 5.82544000
Se 72.15910000 30.27360000 4.11676000
Se 72.15250000 30.42710000 7.40134000
W 70.51440000 31.28800000 5.71512000
Se 73.79670000 33.11660000 3.99494000
Se 73.80510000 33.24740000 7.28036000
W 72.16070000 34.12090000 5.60819000
Se 75.43610000 35.96090000 3.88902000
Se 75.44990000 36.06450000 7.17530000
W 73.80420000 36.95290000 5.51357000
Se 77.07740000 38.80650000 3.80713000
Se 77.08780000 38.87960000 7.09417000
W 75.44500000 39.78460000 5.43942000
Se 78.72000000 41.65310000 3.75544000
Se 78.72000000 41.69410000 7.04302000
W 77.08350000 42.61650000 5.39219000
Se 80.36350000 44.50010000 3.73778000
Se 80.34770000 44.50920000 7.02555000
W 78.72000000 45.44900000 5.37598000
Se 82.00740000 47.34700000 3.75544000
Se 81.97190000 47.32650000 7.04302000
W 80.35480000 48.28260000 5.39219000
Se 83.65130000 50.19280000 3.80713000
Se 83.59320000 50.14730000 7.09417000
W 81.98800000 51.11750000 5.43942000
Se 85.29500000 53.03700000 3.88902000
Se 85.21220000 52.97330000 7.17530000
W 83.61990000 53.95430000 5.51357000
Se 86.93850000 55.87900000 3.99494000
Se 86.82940000 55.80620000 7.28036000
W 85.25080000 56.79360000 5.60819000
Se 88.58190000 58.71860000 4.11676000
Se 88.44560000 58.64760000 7.40134000
W 86.88100000 59.63580000 5.71512000
Se 90.22500000 61.55620000 4.24517000
Se 90.06170000 61.49820000 7.52890000
W 88.51100000 62.48130000 5.82544000
Se 91.86780000 64.39250000 4.37066000
Se 91.67900000 64.35780000 7.65344000
W 90.14130000 65.32980000 5.93061000
Se 93.51010000 67.22810000 4.48452000
Se 93.29890000 67.22470000 7.76620000
W 55.67740000 0.00633904 6.23335000
Se 59.07130000 1.89013000 4.82129000
Se 58.81840000 1.92483000 8.10008000
W 57.31150000 2.86044000 6.32515000
Se 60.71000000 4.72586000 4.89843000
Se 60.45600000 4.80294000 8.17656000
W 58.94870000 5.71451000 6.38896000
Se 62.34800000 7.56170000 4.93826000
Se 62.10350000 7.67921000 8.21601000
W 60.58990000 8.56715000 6.42162000
Se 63.98540000 10.39770000 4.93826000
Se 63.76130000 10.55070000 8.21601000
W 62.23560000 11.41750000 6.42162000
Se 65.62230000 13.23420000 4.89843000
Se 65.42850000 13.41560000 8.17656000
W 63.88540000 14.26520000 6.38896000
Se 67.25870000 16.07120000 4.82129000
Se 67.10220000 16.27290000 8.10008000
W 65.53850000 17.11010000 6.32515000
Se 68.89460000 18.90910000 4.71180000
Se 68.77850000 19.12190000 7.99142000
W 67.19320000 19.95230000 6.23335000
Se 70.53000000 21.74790000 4.57724000
Se 70.45310000 21.96260000 7.85778000
W 68.84770000 22.79170000 6.11872000
Se 72.16540000 24.58770000 4.42694000
Se 72.12240000 24.79510000 7.70844000
W 70.50040000 25.62820000 5.98844000
Se 73.80160000 27.42870000 4.27160000
Se 73.78390000 27.62030000 7.55416000
W 72.15030000 28.46230000 5.85144000
Se 75.43920000 30.27110000 4.12237000
Se 75.43710000 30.43980000 7.40610000
W 73.79700000 31.29440000 5.71764000
Se 77.07870000 33.11490000 3.98967000
Se 77.08200000 33.25510000 7.27464000
W 75.44060000 34.12520000 5.59693000
Se 78.72000000 35.96010000 3.88235000
Se 78.72000000 36.06790000 7.16849000
W 77.08150000 36.95550000 5.49815000
Se 80.36260000 38.80650000 3.80713000
Se 80.35220000 38.87960000 7.09417000
W 78.72000000 39.78570000 5.42831000
Se 82.00610000 41.65360000 3.76842000
Se 81.97990000 41.69150000 7.05596000
W 80.35650000 42.61650000 5.39219000
Se 83.65000000 44.50090000 3.76842000
Se 83.60410000 44.50460000 7.05596000
W 81.99130000 45.44800000 5.39219000
Se 85.29390000 47.34770000 3.80713000
Se 85.22540000 47.32020000 7.09417000
W 83.62450000 48.28070000 5.42831000
Se 86.93760000 50.19350000 3.88235000
Se 86.84430000 50.13960000 7.16849000
W 85.25640000 51.11480000 5.49815000
Se 88.58100000 53.03740000 3.98967000
Se 88.46130000 52.96450000 7.27464000
W 86.88700000 53.95090000 5.59693000
Se 90.22410000 55.87920000 4.12237000
Se 90.07690000 55.79680000 7.40610000
W 88.51680000 56.78980000 5.71764000
Se 91.86680000 58.71860000 4.27160000
Se 91.69210000 58.63810000 7.55416000
W 90.14610000 59.63190000 5.85144000
Se 93.50910000 61.55610000 4.42694000
Se 93.30800000 61.48970000 7.70844000
W 91.77550000 62.47780000 5.98844000
Se 95.15080000 64.39240000 4.57724000
Se 94.92640000 64.35160000 7.85778000
W 93.40570000 65.32730000 6.11872000
Se 96.79150000 67.22800000 4.71180000
Se 96.54920000 67.22210000 7.99142000
W 58.94510000 0.00541832 6.47446000
Se 62.34720000 1.89032000 5.07841000
Se 62.08760000 1.92760000 8.35693000
W 60.58140000 2.86230000 6.57569000
Se 63.98450000 4.72630000 5.15150000
Se 63.73460000 4.81214000 8.43003000
W 62.22210000 5.71942000 6.63934000
Se 65.62180000 7.56226000 5.17649000
Se 65.39230000 7.69473000 8.45504000
W 63.86760000 8.57503000 6.66105000
Se 67.25920000 10.39820000 5.15150000
Se 67.05980000 10.57170000 8.43003000
W 65.51790000 11.42790000 6.63934000
Se 68.89650000 13.23410000 5.07841000
Se 68.73440000 13.44030000 8.35693000
W 67.17190000 14.27730000 6.57569000
Se 70.53350000 16.07050000 4.96278000
Se 70.41200000 16.29890000 8.24139000
W 68.82780000 17.12290000 6.47446000
Se 72.16990000 18.90760000 4.81341000
Se 72.08810000 19.14650000 8.09232000
W 70.48360000 19.96450000 6.34267000
Se 73.80600000 21.74590000 4.64176000
Se 73.75870000 21.98330000 7.92128000
W 72.13740000 22.80210000 6.18971000
Se 75.44260000 24.58570000 4.46093000
Se 75.42120000 24.81040000 7.74145000
W 73.78810000 25.63630000 6.02675000
Se 77.08040000 27.42710000 4.28426000
Se 77.07480000 27.62990000 7.56613000
W 75.43530000 28.46790000 5.86563000
Se 78.72000000 30.27020000 4.12386000
Se 78.72000000 30.44410000 7.40729000
W 77.07910000 31.29770000 5.71768000
Se 80.36130000 33.11490000 3.98967000
Se 80.35800000 33.25510000 7.27464000
W 78.72000000 34.12670000 5.59266000
Se 82.00390000 35.96090000 3.88902000
Se 81.99010000 36.06450000 7.17530000
W 80.35850000 36.95550000 5.49815000
Se 83.64740000 38.80770000 3.82681000
Se 83.61780000 38.87370000 7.11394000
W 81.99500000 39.78460000 5.43942000
Se 85.29130000 41.65510000 3.80578000
Se 85.24200000 41.68350000 7.09321000
W 83.62980000 42.61430000 5.41951000
Se 86.93520000 44.50240000 3.82681000
Se 86.86330000 44.49510000 7.11394000
W 85.26310000 45.44500000 5.43942000
Se 88.57890000 47.34920000 3.88902000
Se 88.48230000 47.30930000 7.17530000
W 86.89490000 48.27680000 5.49815000
Se 90.22230000 50.19470000 3.98967000
Se 90.09930000 50.12750000 7.27464000
W 88.52540000 51.11020000 5.59266000
Se 91.86520000 53.03840000 4.12386000
Se 91.71460000 52.95150000 7.40729000
W 90.15490000 53.94570000 5.71768000
Se 93.50770000 55.87990000 4.28426000
Se 93.32920000 55.78330000 7.56613000
W 91.78370000 56.78420000 5.86563000
Se 95.14950000 58.71900000 4.46093000
Se 94.94410000 58.62510000 7.74145000
W 93.41230000 59.62650000 6.02675000
Se 96.79050000 61.55620000 4.64176000
Se 96.56130000 61.47850000 7.92128000
W 95.04150000 62.47310000 6.18971000
Se 98.43040000 64.39230000 4.81341000
Se 98.18270000 64.34370000 8.09232000
W 96.67210000 65.32420000 6.34267000
Se 100.06900000 67.22800000 4.96278000
Se 99.81080000 67.21900000 8.24139000
W 62.21790000 0.00432365 6.73170000
Se 65.62010000 1.89068000 5.33027000
Se 65.37600000 1.93057000 8.61026000
W 63.85790000 2.86447000 6.83269000
Se 67.25700000 4.72725000 5.38814000
Se 67.03370000 4.82157000 8.66861000
W 65.50320000 5.72495000 6.88526000
Se 68.89460000 7.56363000 5.38814000
Se 68.70120000 7.70985000 8.66861000
W 67.15370000 8.58359000 6.88526000
Se 70.53270000 10.39950000 5.33027000
Se 70.37610000 10.59100000 8.61026000
W 68.80830000 11.43870000 6.83269000
Se 72.17070000 13.23500000 5.21919000
Se 72.05430000 13.46150000 8.49844000
W 70.46520000 14.28910000 6.73170000
Se 73.80810000 16.07060000 5.06392000
Se 73.73130000 16.31910000 8.34253000
W 72.12220000 17.13420000 6.59026000
Se 75.44500000 18.90700000 4.87733000
Se 75.40280000 19.16310000 8.15574000
W 73.77700000 19.97410000 6.41963000
Se 77.08200000 21.74490000 4.67478000
Se 77.06610000 21.99450000 7.95371000
W 75.42840000 22.80920000 6.23333000
Se 78.72000000 24.58500000 4.47227000
Se 78.72000000 24.81580000 7.75242000
W 77.07600000 25.64070000 6.04569000
Se 80.35960000 27.42710000 4.28426000
Se 80.36520000 27.62990000 7.56613000
W 78.72000000 28.46980000 5.87007000
Se 82.00080000 30.27110000 4.12237000
Se 82.00290000 30.43980000 7.40610000
W 80.36090000 31.29770000 5.71768000
Se 83.64330000 33.11660000 3.99494000
Se 83.63490000 33.24740000 7.28036000
W 81.99940000 34.12520000 5.59693000
Se 85.28680000 35.96310000 3.90741000
Se 85.26240000 36.05440000 7.19409000
W 83.63580000 36.95290000 5.51357000
Se 86.93070000 38.81030000 3.86294000
Se 86.88650000 38.86180000 7.15027000
W 85.27060000 39.78110000 5.47107000
Se 88.57470000 41.65770000 3.86294000
Se 88.50800000 41.67020000 7.15027000
W 86.90390000 42.61000000 5.47107000
Se 90.21840000 44.50500000 3.90741000
Se 90.12710000 44.48040000 7.19409000
W 88.53580000 45.43980000 5.51357000
Se 91.86190000 47.35150000 3.99494000
Se 91.74430000 47.29340000 7.28036000
W 90.16640000 48.27090000 5.59693000
Se 93.50480000 50.19680000 4.12237000
Se 93.35990000 50.11050000 7.40610000
W 91.79580000 51.10360000 5.71768000
Se 95.14720000 53.04010000 4.28426000
Se 94.97440000 52.93380000 7.56613000
W 93.42440000 53.93860000 5.87007000
Se 96.78880000 55.88100000 4.47227000
Se 96.58890000 55.76560000 7.75242000
W 95.05250000 56.77690000 6.04569000
Se 98.42930000 58.71960000 4.67478000
Se 98.20520000 58.60860000 7.95371000
W 96.68090000 59.61950000 6.23333000
Se 100.06900000 61.55630000 4.87733000
Se 99.82570000 61.46470000 8.15574000
W 98.31050000 62.46720000 6.41963000
Se 101.70700000 64.39210000 5.06392000
Se 101.45300000 64.33430000 8.34253000
W 99.94240000 65.32030000 6.59026000
Se 103.34300000 67.22790000 5.21919000
Se 103.08900000 67.21550000 8.49844000
W 65.49880000 0.00309911 6.98447000
Se 68.89210000 1.89127000 5.55378000
Se 68.68670000 1.93334000 8.83654000
W 67.14390000 2.86678000 7.07384000
Se 70.52970000 4.72870000 5.58633000
Se 70.35430000 4.82991000 8.86956000
W 68.79430000 5.73058000 7.10447000
Se 72.16820000 7.56557000 5.55378000
Se 72.02900000 7.72242000 8.83654000
W 70.44920000 8.59183000 7.07384000
Se 73.80690000 10.40130000 5.45869000
Se 73.70720000 10.60580000 8.74018000
W 72.10670000 11.44830000 6.98447000
Se 75.44520000 13.23610000 5.30872000
Se 75.38440000 13.47580000 8.58864000
W 73.76450000 14.29860000 6.84374000
Se 77.08270000 16.07090000 5.11662000
Se 77.05640000 16.33020000 8.39526000
W 75.42010000 17.14210000 6.66356000
Se 78.72000000 18.90680000 4.89914000
Se 78.72000000 19.16900000 8.17737000
W 77.07210000 19.97940000 6.45933000
Se 80.35800000 21.74490000 4.67478000
Se 80.37390000 21.99450000 7.95371000
W 78.72000000 22.81170000 6.24801000
Se 81.99740000 24.58570000 4.46093000
Se 82.01880000 24.81040000 7.74145000
W 80.36400000 25.64070000 6.04569000
Se 83.63840000 27.42870000 4.27160000
Se 83.65610000 27.62030000 7.55416000
W 82.00470000 28.46790000 5.86563000
Se 85.28090000 30.27360000 4.11676000
Se 85.28750000 30.42710000 7.40134000
W 83.64300000 31.29440000 5.71764000
Se 86.92420000 33.11970000 4.00273000
Se 86.91460000 33.23260000 7.28894000
W 85.27930000 34.12090000 5.60819000
Se 88.56810000 35.96670000 3.93313000
Se 88.53860000 36.03800000 7.22038000
W 86.91400000 36.94780000 5.54119000
Se 90.21210000 38.81400000 3.90975000
Se 90.16000000 38.84410000 7.19736000
W 88.54730000 39.77520000 5.51865000
Se 91.85600000 41.66150000 3.93313000
Se 91.77940000 41.65140000 7.22038000
W 90.17930000 42.60340000 5.54119000
Se 93.49960000 44.50860000 4.00273000
Se 93.39700000 44.46050000 7.28894000
W 91.81010000 45.43260000 5.60819000
Se 95.14270000 47.35480000 4.11676000
Se 95.01310000 47.27240000 7.40134000
W 93.43980000 48.26290000 5.71764000
Se 96.78520000 50.19970000 4.27160000
Se 96.62810000 50.08860000 7.55416000
W 95.06850000 51.09490000 5.86563000
Se 98.42690000 53.04240000 4.46093000
Se 98.24290000 52.91150000 7.74145000
W 96.69650000 53.92940000 6.04569000
Se 100.06700000 55.88250000 4.67478000
Se 99.85920000 55.74390000 7.95371000
W 98.32450000 56.76770000 6.24801000
Se 101.70600000 58.72010000 4.89914000
Se 101.47900000 58.58900000 8.17737000
W 99.95340000 59.61090000 6.45933000
Se 103.34400000 61.55600000 5.11662000
Se 103.10600000 61.44910000 8.39526000
W 101.58500000 62.46020000 6.66356000
Se 104.98000000 64.39150000 5.30872000
Se 104.74200000 64.32430000 8.58864000
W 103.21900000 65.31580000 6.84374000
Se 106.61600000 67.22770000 5.45869000
Se 106.38900000 67.21190000 8.74018000
W 68.79030000 0.00187514 7.20944000
Se 72.16560000 1.89201000 5.72801000
Se 72.01840000 1.93548000 9.01383000
W 70.44080000 2.86895000 7.27625000
Se 73.80430000 4.73024000 5.72801000
Se 73.69300000 4.83598000 9.01383000
W 72.09580000 5.73553000 7.27625000
Se 75.44340000 7.56732000 5.65883000
Se 75.37090000 7.73061000 8.94339000
W 73.75350000 8.59844000 7.20944000
Se 77.08220000 10.40260000 5.52566000
Se 77.04800000 10.61370000 8.80810000
W 75.41160000 11.45510000 7.08116000
Se 78.72000000 13.23660000 5.33943000
Se 78.72000000 13.48090000 8.61961000
W 77.06770000 14.30400000 6.90226000
Se 80.35730000 16.07090000 5.11662000
Se 80.38360000 16.33020000 8.39526000
W 78.72000000 17.14500000 6.68865000
Se 81.99500000 18.90700000 4.87733000
Se 82.03720000 19.16310000 8.15574000
W 80.36790000 19.97940000 6.45933000
Se 83.63400000 21.74590000 4.64176000
Se 83.68130000 21.98330000 7.92128000
W 82.01160000 22.80920000 6.23333000
Se 85.27460000 24.58770000 4.42694000
Se 85.31760000 24.79510000 7.70844000
W 83.65190000 25.63630000 6.02675000
Se 86.91680000 27.43180000 4.24517000
Se 86.94820000 27.60220000 7.52890000
W 85.28970000 28.46230000 5.85144000
Se 88.56000000 30.27750000 4.10425000
Se 88.57450000 30.40710000 7.38994000
W 86.92560000 31.28800000 5.71512000
Se 90.20380000 33.12420000 4.00854000
Se 90.19800000 33.21140000 7.29567000
W 88.56010000 34.11390000 5.62232000
Se 91.84780000 35.97140000 3.96025000
Se 91.81930000 36.01600000 7.24812000
W 90.19330000 36.94030000 5.57543000
Se 93.49170000 38.81880000 3.96025000
Se 93.43890000 38.82120000 7.24812000
W 91.82550000 39.76720000 5.57543000
Se 95.13550000 41.66620000 4.00854000
Se 95.05700000 41.62760000 7.29567000
W 93.45650000 42.59480000 5.62232000
Se 96.77890000 44.51310000 4.10425000
Se 96.67390000 44.43570000 7.38994000
W 95.08660000 45.42320000 5.71512000
Se 98.42170000 47.35900000 4.24517000
Se 98.28990000 47.24660000 7.52890000
W 96.71580000 48.25280000 5.85144000
Se 100.06400000 50.20320000 4.42694000
Se 99.90560000 50.06220000 7.70844000
W 98.34420000 51.08420000 6.02675000
Se 101.70400000 53.04490000 4.64176000
Se 101.52300000 52.88530000 7.92128000
W 99.97240000 53.91830000 6.23333000
Se 103.34400000 55.88380000 4.87733000
Se 103.14300000 55.71920000 8.15574000
W 101.60100000 56.75670000 6.45933000
Se 104.98100000 58.72010000 5.11662000
Se 104.76900000 58.56770000 8.39526000
W 103.23200000 59.60100000 6.68865000
Se 106.61700000 61.55520000 5.33943000
Se 106.40500000 61.43310000 8.61961000
W 104.86600000 62.45250000 6.90226000
Se 108.25200000 64.39060000 5.52566000
Se 108.05200000 64.31470000 8.80810000
W 106.50500000 65.31110000 7.08116000
Se 109.88800000 67.22740000 5.65883000
Se 109.71100000 67.20860000 8.94339000
W 72.09280000 0.00085578 7.38517000
Se 75.44180000 1.89265000 5.83797000
Se 75.36540000 1.93676000 9.12607000
W 73.74790000 2.87066000 7.42105000
Se 77.08110000 4.73125000 5.80154000
Se 77.04310000 4.83909000 9.08887000
W 75.40560000 5.73893000 7.38517000
Se 78.72000000 7.56803000 5.69475000
Se 78.72000000 7.73343000 8.97999000
W 77.06380000 8.60213000 7.28015000
Se 80.35780000 10.40260000 5.52566000
Se 80.39200000 10.61370000 8.80810000
W 78.72000000 11.45750000 7.11434000
Se 81.99480000 13.23610000 5.30872000
Se 82.05560000 13.47580000 8.58864000
W 80.37230000 14.30400000 6.90226000
Se 83.63190000 16.07060000 5.06392000
Se 83.70870000 16.31910000 8.34253000
W 82.01990000 17.14210000 6.66356000
Se 85.27010000 18.90760000 4.81341000
Se 85.35190000 19.14650000 8.09232000
W 83.66300000 19.97410000 6.41963000
Se 86.91000000 21.74790000 4.57724000
Se 86.98690000 21.96260000 7.85778000
W 85.30260000 22.80210000 6.18971000
Se 88.55160000 24.59100000 4.37066000
Se 88.61600000 24.77180000 7.65344000
W 86.93960000 25.62820000 5.98844000
Se 90.19450000 27.43610000 4.20358000
Se 90.24120000 27.57750000 7.48859000
W 88.57490000 28.45370000 5.82544000
Se 91.83810000 30.28250000 4.08166000
Se 91.86380000 30.38160000 7.36845000
W 90.20890000 31.27900000 5.70632000
Se 93.48200000 33.12960000 4.00770000
Se 93.48460000 33.18550000 7.29562000
W 91.84190000 34.10470000 5.63399000
Se 95.12600000 35.97700000 3.98294000
Se 95.10430000 35.98960000 7.27124000
W 93.47410000 36.93070000 5.60975000
Se 96.76990000 38.82450000 4.00770000
Se 96.72290000 38.79420000 7.29562000
W 95.10540000 39.75730000 5.63399000
Se 98.41360000 41.67170000 4.08166000
Se 98.34060000 41.59990000 7.36845000
W 96.73600000 42.58430000 5.70632000
Se 100.05700000 44.51830000 4.20358000
Se 99.95780000 44.40720000 7.48859000
W 98.36580000 45.41210000 5.82544000
Se 101.69900000 47.36360000 4.37066000
Se 101.57500000 47.21740000 7.65344000
W 99.99510000 48.24100000 5.98844000
Se 103.34100000 50.20680000 4.57724000
Se 103.19300000 50.03290000 7.85778000
W 101.62400000 51.07180000 6.18971000
Se 104.98100000 53.04710000 4.81341000
Se 104.81500000 52.85690000 8.09232000
W 103.25300000 53.90570000 6.41963000
Se 106.61800000 55.88440000 5.06392000
Se 106.44200000 55.69360000 8.34253000
W 104.88400000 56.74470000 6.66356000
Se 108.25500000 58.71940000 5.30872000
Se 108.07700000 58.54690000 8.58864000
W 106.51900000 59.59060000 6.90226000
Se 109.89000000 61.55380000 5.52566000
Se 109.72400000 61.41860000 8.80810000
W 108.15700000 62.44480000 7.11434000
Se 111.52600000 64.38950000 5.69475000
Se 111.38300000 64.30680000 8.97999000
W 109.80200000 65.30680000 7.28015000
Se 113.16300000 67.22720000 5.80154000
Se 113.05100000 67.20620000 9.08887000
W 75.40400000 0.00021299 7.49618000
Se 78.72000000 1.89290000 5.87545000
Se 78.72000000 1.93717000 9.16439000
W 77.06180000 2.87162000 7.49618000
Se 80.35890000 4.73125000 5.80154000
Se 80.39690000 4.83909000 9.08887000
W 78.72000000 5.74014000 7.42239000
Se 81.99660000 7.56732000 5.65883000
Se 82.06910000 7.73061000 8.94339000
W 80.37620000 8.60213000 7.28015000
Se 83.63310000 10.40130000 5.45869000
Se 83.73280000 10.60580000 8.74018000
W 82.02840000 11.45510000 7.08116000
Se 85.26930000 13.23500000 5.21919000
Se 85.38570000 13.46150000 8.49844000
W 83.67550000 14.29860000 6.84374000
Se 86.90650000 16.07050000 4.96278000
Se 87.02800000 16.29890000 8.24139000
W 85.31780000 17.13420000 6.59026000
Se 88.54540000 18.90910000 4.71180000
Se 88.66150000 19.12190000 7.99142000
W 86.95640000 19.96450000 6.34267000
Se 90.18620000 21.75090000 4.48452000
Se 90.28890000 21.93550000 7.76620000
W 88.59230000 22.79170000 6.11872000
Se 91.82840000 24.59530000 4.29354000
Se 91.91240000 24.74350000 7.57758000
W 90.22660000 25.61750000 5.93061000
Se 93.47170000 27.44130000 4.14638000
Se 93.53370000 27.54880000 7.43249000
W 91.85990000 28.44290000 5.78564000
Se 95.11550000 30.28820000 4.04690000
Se 95.15380000 30.35290000 7.33450000
W 93.49250000 31.26830000 5.68760000
Se 96.75950000 33.13560000 3.99684000
Se 96.77320000 33.15670000 7.28521000
W 95.12450000 34.09390000 5.63825000
Se 98.40350000 35.98310000 3.99684000
Se 98.39200000 35.96070000 7.28521000
W 96.75610000 36.91980000 5.63825000
Se 100.04700000 38.83050000 4.04690000
Se 100.01100000 38.76500000 7.33450000
W 98.38710000 39.74600000 5.68760000
Se 101.69100000 41.67760000 4.14638000
Se 101.62900000 41.57010000 7.43249000
W 100.01800000 42.57260000 5.78564000
Se 103.33400000 44.52370000 4.29354000
Se 103.24800000 44.37680000 7.57758000
W 101.64800000 45.39980000 5.93061000
Se 104.97600000 47.36810000 4.48452000
Se 104.86800000 47.18690000 7.76620000
W 103.27800000 48.22800000 6.11872000
Se 106.61700000 50.20990000 4.71180000
Se 106.49100000 50.00300000 7.99142000
W 104.90800000 51.05840000 6.34267000
Se 108.25600000 53.04850000 4.96278000
Se 108.11900000 52.82920000 8.24139000
W 106.54000000 53.89250000 6.59026000
Se 109.89300000 55.88410000 5.21919000
Se 109.75500000 55.67010000 8.49844000
W 108.17500000 56.73260000 6.84374000
Se 111.52900000 58.71800000 5.45869000
Se 111.40200000 58.52940000 8.74018000
W 109.81400000 59.58080000 7.08116000
Se 113.16500000 61.55230000 5.65883000
Se 113.06000000 61.40780000 8.94339000
W 111.45800000 62.43810000 7.28015000
Se 114.80200000 64.38860000 5.80154000
Se 114.72800000 64.30170000 9.08887000
W 113.10900000 65.30340000 7.42239000
Se 116.44100000 67.22710000 5.87545000
Se 116.40200000 67.20490000 9.16439000
