S 1.53639000 2.66136000 58.00490000
S 4.61209000 2.66279000 57.90500000
W 1.56225000 0.90196400 59.60460000
W 78.72000000 3.60799000 59.55320000
W 3.12373000 3.60757000 59.50210000
W 4.68612000 0.90144100 59.50210000
S 1.58765000 2.74962000 61.13010000
S 3.17506000 0.00013369 61.13010000
S 4.75879000 2.74749000 61.02730000
S 3.07557000 5.32809000 57.85810000
S 83.34101000 8.00621000 57.63550000
W 80.28155000 6.31332000 59.40600000
W 81.84259000 9.01878000 59.18380000
W 4.68436000 6.31264000 59.31140000
S 3.17140000 5.49214000 60.97930000
S 4.74854000 8.22325000 60.75250000
W 83.40447000 11.72710000 58.91650000
S 7.69718000 2.66560000 57.71860000
S 10.79850000 2.66946000 57.47090000
W 7.80908000 0.90045600 59.31140000
W 6.24664000 3.60650000 59.35590000
W 9.36969000 3.60524000 59.13510000
W 10.93320000 0.89917700 59.05920000
S 6.34203000 0.00043819 60.97930000
S 7.91901000 2.74373000 60.83680000
S 9.49581000 0.00072547 60.75250000
S 11.06570000 2.73930000 60.58580000
S 6.15707000 5.33315000 57.71860000
S 7.71109000 8.01707000 57.47090000
S 9.25100000 5.34107000 57.50690000
S 10.81540000 8.03144000 57.25060000
W 7.80707000 6.31177000 59.13510000
W 6.24531000 9.01884000 59.05920000
W 9.36935000 9.01960000 58.86950000
W 10.93170000 6.31141000 58.90090000
S 6.33565000 5.48620000 60.83680000
S 7.90517000 8.21356000 60.58580000
S 9.48831000 5.47808000 60.62210000
S 11.05180000 8.20250000 60.36410000
S 84.89586000 10.70120000 57.36670000
S 86.46150000 13.41550000 57.08370000
S 9.27595000 10.71900000 57.19330000
S 10.85130000 13.43960000 56.91580000
W 7.80865000 11.72930000 58.77820000
W 84.96913000 14.44140000 58.63600000
W 9.37625000 14.44690000 58.49870000
W 10.93560000 11.73300000 58.59070000
S 6.31901000 10.94310000 60.48130000
S 7.88529000 13.65590000 60.19830000
S 9.46964000 10.93140000 60.30720000
S 11.03270000 13.64460000 60.03060000
S 88.03709000 16.14730000 56.81320000
S 89.62040000 18.89260000 56.57180000
W 86.53803000 17.16370000 58.36830000
W 88.11160000 19.89420000 58.12960000
W 10.94890000 17.17270000 58.24180000
S 9.45071000 16.36750000 59.92930000
S 11.01780000 19.08220000 59.69010000
W 89.68940000 22.63170000 57.92760000
S 13.92090000 2.67371000 57.19330000
S 17.06470000 2.67768000 56.91580000
W 14.06220000 0.89783500 58.77820000
W 12.49590000 3.60430000 58.86950000
W 15.62890000 3.60400000 58.59070000
W 17.19950000 0.89662700 58.49870000
S 12.63650000 0.00088333 60.48130000
S 14.20170000 2.73525000 60.30720000
S 15.76900000 0.00091258 60.19830000
S 17.33300000 2.73231000 60.03060000
S 12.36310000 5.35066000 57.25060000
S 13.93790000 8.04705000 57.00100000
S 15.49600000 5.36043000 56.97950000
S 17.07950000 8.06179000 56.74760000
W 14.06150000 6.31205000 58.63810000
W 12.49710000 9.02155000 58.63810000
W 15.63140000 9.02479000 58.39060000
W 17.19930000 6.31377000 58.37410000
S 12.62950000 5.46990000 60.36410000
S 14.19030000 8.19277000 60.11440000
S 15.76340000 5.46340000 60.09330000
S 17.32500000 8.18603000 59.86210000
S 12.39030000 10.73970000 56.97950000
S 13.97410000 13.46530000 56.71860000
S 15.52150000 10.76040000 56.74760000
S 17.11170000 13.48940000 56.51020000
W 14.06750000 11.73810000 58.37410000
W 12.50710000 14.45410000 58.32430000
W 15.64330000 14.46230000 58.12910000
W 17.20640000 11.74430000 58.14930000
S 12.61320000 10.91980000 60.09330000
S 14.17590000 13.63480000 59.83400000
S 15.75180000 10.91090000 59.86210000
S 17.31660000 13.62810000 59.62670000
S 12.43500000 16.17610000 56.65980000
S 14.02480000 18.92410000 56.43750000
S 15.56430000 16.20480000 56.48430000
S 17.15870000 18.95450000 56.28510000
W 14.08370000 17.18300000 58.08660000
W 12.52630000 19.90620000 58.01930000
W 15.66480000 19.91900000 57.88530000
W 17.22380000 17.19400000 57.91500000
S 12.59760000 16.35840000 59.77670000
S 14.16580000 19.07610000 59.55670000
S 15.74230000 16.35140000 59.60200000
S 17.31260000 19.07190000 59.40490000
S 91.20920000 21.64700000 56.36750000
S 92.80170000 24.40750000 56.20340000
S 15.61840000 21.68000000 56.25390000
S 17.21450000 24.44120000 56.11070000
W 14.10760000 22.64600000 57.83590000
W 91.27080000 25.37470000 57.76520000
W 15.69190000 25.39060000 57.69290000
W 17.24920000 22.66070000 57.72340000
S 12.58780000 21.80200000 59.48810000
S 14.16050000 24.52680000 59.32590000
S 15.73740000 21.79850000 59.37520000
S 17.31190000 24.52540000 59.23370000
S 94.39680000 27.17200000 56.08010000
S 95.99370000 29.93900000 55.99780000
W 92.85490000 28.12160000 57.64320000
W 94.44100000 30.87110000 57.56180000
W 17.27820000 28.13850000 57.59070000
S 15.73560000 27.25560000 59.20410000
S 17.31240000 29.98720000 59.12280000
W 96.02850000 33.62190000 57.52110000
S 20.22640000 2.68103000 56.65980000
S 23.40110000 2.68375000 56.43750000
W 20.34640000 0.89567600 58.24180000
W 18.77110000 3.60440000 58.32430000
W 21.92280000 3.60535000 58.08660000
W 23.50240000 0.89500700 58.01930000
S 18.90000000 0.00082693 59.92930000
S 20.46560000 2.73061000 59.77670000
S 22.03460000 0.00084170 59.69010000
S 23.60320000 2.72987000 59.55670000
S 18.64830000 5.36924000 56.71860000
S 20.23800000 8.07450000 56.51020000
S 21.81590000 5.37664000 56.48430000
S 23.40960000 8.08492000 56.30110000
W 20.34640000 6.31631000 58.12910000
W 18.77410000 9.02904000 58.14930000
W 21.92550000 9.03383000 57.92970000
W 23.50230000 6.31930000 57.91500000
S 18.89600000 5.45934000 59.83400000
S 20.46060000 8.18257000 59.62670000
S 22.03190000 5.45750000 59.60200000
S 23.60020000 8.18172000 59.41960000
S 18.66950000 10.77890000 56.51840000
S 20.26410000 13.51010000 56.30720000
S 21.83220000 10.79420000 56.30720000
S 23.42940000 13.52700000 56.12240000
W 20.35340000 11.75100000 57.93390000
W 18.78630000 14.47110000 57.92970000
W 21.93670000 14.47990000 57.74070000
W 23.50830000 11.75780000 57.74070000
S 18.88920000 10.90570000 59.63440000
S 20.45730000 13.62530000 59.42500000
S 22.02840000 10.90390000 59.42500000
S 23.60000000 13.62550000 59.24170000
S 18.70650000 16.23080000 56.30110000
S 20.30420000 18.98140000 56.12660000
S 21.86180000 16.25270000 56.12400000
S 23.46120000 19.00390000 55.97410000
W 20.37020000 17.20480000 57.74100000
W 18.80810000 19.93190000 57.73740000
W 21.95700000 19.94430000 57.58760000
W 23.52310000 17.21510000 57.57710000
S 18.88570000 16.34760000 59.41960000
S 20.45870000 19.07060000 59.24710000
S 22.02940000 16.34700000 59.24360000
S 23.60490000 19.07200000 59.09540000
S 18.75580000 21.71120000 56.12450000
S 20.35440000 24.47280000 56.00350000
S 21.90340000 21.73860000 55.98950000
S 23.50320000 24.50050000 55.89110000
W 20.39490000 22.67500000 57.59840000
W 18.83580000 25.40650000 57.60170000
W 21.98330000 25.42180000 57.49880000
W 23.54550000 22.68840000 57.47170000
S 18.88640000 21.79680000 59.24620000
S 20.46260000 24.52540000 59.12670000
S 22.03460000 21.79740000 59.11160000
S 23.61230000 24.52740000 59.01440000
S 18.81220000 27.20610000 56.00830000
S 20.41070000 29.97330000 55.94680000
S 21.95360000 27.23790000 55.92280000
S 23.55270000 30.00520000 55.88230000
W 20.42380000 28.15530000 57.52050000
W 18.86590000 30.88860000 57.52930000
W 22.01240000 30.90590000 57.47980000
W 23.57220000 28.17130000 57.43890000
S 18.88840000 27.25560000 59.13250000
S 20.46610000 29.98810000 59.07170000
S 22.04030000 27.25690000 59.04690000
S 23.61870000 29.99010000 59.00690000
S 97.59170000 32.70750000 55.95670000
S 99.19030000 35.47640000 55.95670000
S 22.00940000 32.74190000 55.92630000
S 23.60770000 35.51070000 55.94680000
W 20.45420000 33.63980000 57.50880000
W 97.61690000 36.37290000 57.52110000
W 22.04260000 36.39090000 57.52930000
W 23.60090000 33.65730000 57.47980000
S 97.61020000 32.72030000 59.08220000
S 99.18850000 35.45390000 59.08220000
S 22.04440000 32.72170000 59.05150000
S 23.62260000 35.45530000 59.07170000
S 100.78890000 38.24460000 55.99780000
S 102.38680000 41.01100000 56.08010000
W 99.20540000 39.12320000 57.56180000
W 100.79340000 41.87150000 57.64320000
W 23.63040000 39.14090000 57.59070000
S 22.04660000 38.18690000 59.12280000
S 23.62380000 40.91830000 59.20410000
W 102.38020000 44.61690000 57.76520000
S 26.58460000 2.68591000 56.25390000
S 29.77400000 2.68759000 56.11070000
W 26.66580000 0.89456700 57.83590000
W 25.08280000 3.60660000 57.88530000
W 28.24930000 3.60791000 57.72340000
W 29.83480000 0.89429500 57.69290000
S 26.74680000 2.72971000 59.37520000
S 29.89550000 2.72981000 59.23370000
S 24.99440000 5.38267000 56.28510000
S 26.59050000 8.09322000 56.12660000
S 28.18030000 5.38743000 56.12450000
S 29.77790000 8.09959000 55.98950000
W 26.66560000 6.32233000 57.73740000
W 25.08490000 9.03867000 57.74100000
W 28.25080000 9.04312000 57.58760000
W 29.83460000 6.32505000 57.59840000
S 25.17310000 5.45719000 59.40490000
S 26.74490000 8.18243000 59.24710000
S 28.31980000 5.45767000 59.24620000
S 29.89440000 8.18379000 59.11160000
S 25.00620000 10.80650000 56.12400000
S 26.60480000 13.54020000 55.96420000
S 28.18850000 10.81610000 55.97410000
S 29.78770000 13.55020000 55.83790000
W 26.67030000 11.76400000 57.57710000
W 25.09420000 14.48810000 57.57290000
W 28.25790000 14.49540000 57.43330000
W 29.83790000 11.76940000 57.44740000
S 25.17170000 10.90450000 59.24360000
S 26.74610000 13.62760000 59.08510000
S 28.31930000 10.90650000 59.09540000
S 29.89590000 13.63060000 58.96010000
S 25.02860000 16.27030000 55.96420000
S 26.62870000 19.02180000 55.83790000
S 28.20460000 16.28390000 55.82980000
S 29.80450000 19.03530000 55.72570000
W 26.68230000 17.22430000 57.43330000
W 25.11160000 19.95570000 57.44740000
W 28.27160000 19.96550000 57.32620000
W 29.84680000 17.23210000 57.31630000
S 25.17500000 16.34900000 59.08510000
S 26.75240000 19.07530000 58.96010000
S 28.32310000 16.35240000 58.95180000
S 29.90170000 19.07940000 58.84880000
S 25.06140000 21.76130000 55.86020000
S 26.66140000 24.52330000 55.78370000
S 28.22890000 21.77920000 55.74620000
S 29.82820000 24.54090000 55.69070000
W 26.70100000 22.70040000 57.35380000
W 25.13480000 25.43600000 57.39400000
W 28.29050000 25.44830000 57.29720000
W 29.86120000 22.71050000 57.25380000
S 25.18260000 21.80020000 58.98280000
S 26.76130000 24.53120000 58.90720000
S 28.33110000 21.80440000 58.86940000
S 29.91030000 24.53580000 58.81450000
S 25.10280000 27.26560000 55.83190000
S 26.70160000 30.03290000 55.81210000
S 28.26050000 27.28830000 55.74530000
S 29.85790000 30.05500000 55.74530000
W 26.72400000 28.18580000 57.35500000
W 25.16100000 30.92230000 57.41900000
W 28.31230000 30.93690000 57.35500000
W 29.87920000 28.19830000 57.27830000
S 25.19090000 27.25980000 58.95590000
S 26.76960000 29.99360000 58.93630000
S 28.34030000 27.26410000 58.86930000
S 29.91870000 29.99800000 58.86930000
S 25.15110000 32.77370000 55.88230000
S 26.74810000 35.54220000 55.92280000
S 28.29870000 32.80100000 55.83190000
S 29.89360000 35.56890000 55.89110000
W 26.74910000 33.67370000 57.43890000
W 25.18870000 36.40830000 57.52050000
W 28.33570000 36.42450000 57.49880000
W 29.89920000 33.68820000 57.39400000
S 25.19720000 32.72400000 59.00690000
S 26.77500000 35.45760000 59.04690000
S 28.34780000 32.72760000 58.95590000
S 29.92480000 35.46090000 59.01440000
S 25.20490000 38.27870000 56.00830000
S 26.80050000 41.04470000 56.11070000
S 28.34310000 38.30970000 56.00350000
S 29.93550000 41.07490000 56.12450000
W 26.77520000 39.15800000 57.60170000
W 25.21710000 41.88870000 57.69290000
W 28.35990000 41.90500000 57.72340000
W 29.92040000 39.17350000 57.59840000
S 25.20010000 38.18790000 59.13250000
S 26.77630000 40.91830000 59.23370000
S 28.35160000 38.18970000 59.12670000
S 29.92660000 40.91910000 59.24620000
S 103.98330000 43.77460000 56.20340000
S 105.57770000 46.53400000 56.36750000
S 28.39380000 43.80760000 56.25390000
S 29.98360000 46.56570000 56.43750000
W 26.80180000 44.63300000 57.83590000
W 103.96510000 47.35780000 57.92760000
W 28.38390000 47.37230000 58.01930000
W 29.94200000 44.64790000 57.88530000
S 25.19950000 43.64680000 59.32590000
S 26.77280000 46.37120000 59.48810000
S 28.35060000 43.64530000 59.37520000
S 29.92250000 46.36760000 59.55670000
S 107.16870000 49.28720000 56.57180000
S 108.75460000 52.03100000 56.81320000
W 105.54690000 50.09310000 58.12960000
W 107.12480000 52.82110000 58.36830000
W 29.96250000 50.10520000 58.24180000
S 28.34330000 49.09070000 59.69010000
S 29.91070000 51.80520000 59.92930000
W 108.69800000 55.54090000 58.63600000
S 32.96720000 2.68879000 56.00830000
S 36.16300000 2.68952000 55.94680000
W 33.00780000 0.89413100 57.59070000
W 31.42060000 3.60905000 57.60170000
W 34.59510000 3.60989000 57.52050000
W 36.18330000 0.89404300 57.52930000
S 33.04830000 2.72997000 59.13250000
S 36.20350000 2.73010000 59.07170000
S 31.37120000 5.39101000 56.00350000
S 32.96960000 8.10415000 55.89110000
S 34.56550000 5.39341000 55.92280000
S 36.16420000 8.10689000 55.83190000
W 33.00760000 6.32717000 57.49880000
W 31.42150000 9.04679000 57.47170000
W 34.59560000 9.04939000 57.39400000
W 36.18320000 6.32851000 57.43890000
S 31.47100000 5.45839000 59.12670000
S 33.04750000 8.18514000 59.01440000
S 34.62530000 5.45902000 59.04690000
S 36.20320000 8.18607000 58.95590000
S 31.37660000 10.82310000 55.86020000
S 32.97580000 13.55730000 55.74620000
S 34.56850000 10.82790000 55.78370000
S 36.16710000 13.56150000 55.69070000
W 33.00970000 11.77350000 57.35380000
W 31.42640000 14.50120000 57.32620000
W 34.59850000 14.50530000 57.25380000
W 36.18420000 11.77610000 57.29720000
S 31.47080000 10.90860000 58.98280000
S 33.04870000 13.63330000 58.86940000
S 34.62530000 10.91040000 58.90720000
S 36.20380000 13.63520000 58.81450000
S 31.38730000 16.29380000 55.72570000
S 32.98650000 19.04480000 55.64270000
S 34.57470000 16.30040000 55.65510000
S 36.17230000 19.05040000 55.59190000
W 33.01560000 17.23790000 57.23050000
W 31.43630000 19.97330000 57.23050000
W 34.60440000 19.97880000 57.16470000
W 36.18710000 17.24160000 57.17820000
S 31.47410000 16.35590000 58.84880000
S 33.05310000 19.08320000 58.76650000
S 34.62750000 16.35880000 58.77880000
S 36.20610000 19.08580000 58.71610000
S 31.40390000 21.79230000 55.65510000
S 33.00170000 24.55330000 55.61940000
S 34.58420000 21.80090000 55.59190000
S 36.17970000 24.56070000 55.57480000
W 33.02520000 22.71810000 57.17820000
W 31.45010000 25.45830000 57.21730000
W 34.61270000 25.46530000 57.16060000
W 36.19190000 22.72290000 57.13130000
S 31.48090000 21.80890000 58.77880000
S 33.05970000 24.54020000 58.74350000
S 34.63190000 21.81250000 58.71610000
S 36.20960000 24.54340000 58.69910000
S 31.42590000 27.30530000 55.67210000
S 33.02110000 30.07110000 55.69070000
S 34.59710000 27.31660000 55.61940000
S 36.18920000 30.08080000 55.65510000
W 33.03750000 28.20780000 57.21730000
W 31.46630000 30.94900000 57.29720000
W 34.62270000 30.95770000 57.25380000
W 36.19810000 28.21380000 57.17820000
S 31.48900000 27.26890000 58.79610000
S 33.06650000 30.00250000 58.81450000
S 34.63740000 27.27290000 58.74350000
S 36.21340000 30.00590000 58.77880000
S 31.45290000 32.82240000 55.78370000
S 33.04480000 35.58900000 55.86020000
S 34.61310000 32.83700000 55.74620000
S 36.20100000 35.60150000 55.83790000
W 33.05140000 33.69950000 57.35380000
W 31.48400000 36.43830000 57.47170000
W 34.63370000 36.44840000 57.44740000
W 36.20520000 33.70680000 57.32620000
S 31.49600000 32.73190000 58.90720000
S 33.07170000 35.46470000 58.98280000
S 34.64240000 32.73580000 58.86940000
S 36.21650000 35.46760000 58.96010000
S 31.48550000 38.33530000 55.98950000
S 33.07370000 41.09890000 56.12660000
S 34.63280000 38.35350000 55.97410000
S 36.21560000 41.11430000 56.12400000
W 33.06620000 39.18610000 57.58760000
W 31.50250000 41.91920000 57.73740000
W 34.64530000 41.93000000 57.74100000
W 36.21280000 39.19440000 57.57710000
S 31.50020000 38.19230000 59.11160000
S 33.07370000 40.92050000 59.24710000
S 34.64560000 38.19510000 59.09540000
S 36.21780000 40.92200000 59.24360000
S 31.52430000 43.83640000 56.28510000
S 33.10830000 46.59210000 56.48430000
S 34.65700000 43.85780000 56.30110000
S 36.23370000 46.60960000 56.51020000
W 33.08150000 44.66030000 57.91500000
W 31.52090000 47.38510000 58.08660000
W 34.65690000 47.39490000 58.12910000
W 36.22080000 44.66860000 57.92970000
S 31.49950000 43.64440000 59.40490000
S 33.07040000 46.36460000 59.60200000
S 34.64550000 43.64420000 59.41960000
S 36.21600000 46.36280000 59.62670000
S 31.56860000 49.31640000 56.65980000
S 33.14660000 52.05620000 56.91580000
S 34.68570000 49.33900000 56.71860000
S 36.25430000 52.07340000 56.97950000
W 33.09590000 50.11510000 58.32430000
W 31.53680000 52.83000000 58.49870000
W 34.66670000 52.83650000 58.59070000
W 36.22820000 50.12160000 58.37410000
S 31.49200000 49.08450000 59.77670000
S 33.05980000 51.79660000 60.03060000
S 34.63990000 49.07940000 59.83400000
S 36.20970000 51.79030000 60.09330000
S 110.33260000 54.76140000 57.08370000
S 111.90040000 57.47450000 57.36670000
S 34.71510000 54.78080000 57.19330000
S 36.27260000 57.48700000 57.47090000
W 33.10640000 55.54640000 58.77820000
W 110.26630000 58.25310000 58.91650000
W 34.67210000 58.25550000 59.05920000
W 36.23350000 55.54960000 58.86950000
S 31.47630000 54.51670000 60.19830000
S 33.04250000 57.22960000 60.48130000
S 34.62800000 54.50690000 60.30720000
S 36.19940000 57.22070000 60.58580000
S 113.45690000 60.16850000 57.63550000
S 36.28350000 62.84600000 57.85810000
W 111.83080000 60.95990000 59.18380000
W 113.39330000 63.66450000 59.40600000
W 36.23530000 60.96040000 59.31140000
S 34.61270000 59.94950000 60.75250000
S 36.18940000 62.68090000 60.97930000
W 114.95540000 66.36950000 59.55320000
S 39.36000000 2.68977000 55.92630000
S 42.55700000 2.68952000 55.94680000
W 39.36000000 0.89401600 57.50880000
W 37.77150000 3.61033000 57.47980000
W 40.94850000 3.61033000 57.47980000
W 42.53670000 0.89404300 57.52930000
S 39.36000000 2.73015000 59.05150000
S 42.51650000 2.73010000 59.07170000
S 37.76160000 5.39462000 55.88230000
S 39.36000000 8.10781000 55.81210000
S 40.95840000 5.39462000 55.88230000
S 42.55580000 8.10689000 55.83190000
W 39.36000000 6.32897000 57.41900000
W 37.77160000 9.05073000 57.35500000
W 40.94840000 9.05073000 57.35500000
W 42.53680000 6.32851000 57.43890000
S 37.78160000 5.45938000 59.00690000
S 39.36000000 8.18641000 58.93630000
S 40.93840000 5.45938000 59.00690000
S 42.51680000 8.18607000 58.95590000
S 37.76260000 10.83020000 55.74530000
S 39.36000000 13.56290000 55.67210000
S 40.95740000 10.83020000 55.74530000
S 42.55290000 13.56150000 55.69070000
W 39.36000000 11.77700000 57.27830000
W 37.77260000 14.50740000 57.21730000
W 40.94740000 14.50740000 57.21730000
W 42.53580000 11.77610000 57.29720000
S 37.78160000 10.91140000 58.86930000
S 39.36000000 13.63580000 58.79610000
S 40.93840000 10.91140000 58.86930000
S 42.51620000 13.63520000 58.81450000
S 37.76460000 16.30360000 55.61940000
S 39.36000000 19.05220000 55.57480000
S 40.95540000 16.30360000 55.61940000
S 42.54770000 19.05040000 55.59190000
W 39.36000000 17.24280000 57.16060000
W 37.77460000 19.98170000 57.13130000
W 40.94540000 19.98170000 57.13130000
W 42.53290000 17.24160000 57.17820000
S 37.78230000 16.36040000 58.74350000
S 39.36000000 19.08680000 58.69910000
S 40.93770000 16.36040000 58.74350000
S 42.51390000 19.08580000 58.71610000
S 37.76770000 21.80520000 55.55960000
S 39.36000000 24.56310000 55.55960000
S 40.95230000 21.80520000 55.55960000
S 42.54030000 24.56070000 55.57480000
W 39.36000000 22.72450000 57.11550000
W 37.77740000 25.46900000 57.13130000
W 40.94260000 25.46900000 57.13130000
W 42.52810000 22.72290000 57.13130000
S 37.78380000 21.81450000 58.68410000
S 39.36000000 24.54450000 58.68410000
S 40.93620000 21.81450000 58.68410000
S 42.51040000 24.54340000 58.69910000
S 37.77190000 27.32220000 55.59190000
S 39.36000000 30.08400000 55.64270000
S 40.94810000 27.32220000 55.59190000
S 42.53080000 30.08080000 55.65510000
W 39.36000000 28.21580000 57.16470000
W 37.78070000 30.96220000 57.23050000
W 40.93930000 30.96220000 57.23050000
W 42.52190000 28.21380000 57.17820000
S 37.78580000 27.27520000 58.71610000
S 39.36000000 30.00710000 58.76650000
S 40.93420000 27.27520000 58.71610000
S 42.50660000 30.00590000 58.77880000
S 37.77720000 32.84440000 55.72570000
S 39.36000000 35.60570000 55.82980000
S 40.94280000 32.84440000 55.72570000
S 42.51900000 35.60150000 55.83790000
W 39.36000000 33.70930000 57.31630000
W 37.78440000 36.45380000 57.43330000
W 40.93560000 36.45380000 57.43330000
W 42.51480000 33.70680000 57.32620000
S 37.78760000 32.73820000 58.84880000
S 39.36000000 35.46880000 58.95180000
S 40.93240000 32.73820000 58.84880000
S 42.50350000 35.46760000 58.96010000
S 37.78380000 38.36300000 55.96420000
S 39.36000000 41.11960000 56.12240000
S 40.93620000 38.36300000 55.96420000
S 42.50440000 41.11430000 56.12400000
W 39.36000000 39.19730000 57.57290000
W 37.78840000 41.93590000 57.74070000
W 40.93160000 41.93590000 57.74070000
W 42.50720000 39.19440000 57.57710000
S 37.78880000 38.19690000 59.08510000
S 39.36000000 40.92260000 59.24170000
S 40.93120000 38.19690000 59.08510000
S 42.50220000 40.92200000 59.24360000
S 37.79200000 43.86920000 56.30720000
S 39.36000000 46.61580000 56.51840000
S 40.92800000 43.86920000 56.30720000
S 42.48630000 46.60960000 56.51020000
W 39.36000000 44.67150000 57.93390000
W 37.79230000 47.40020000 58.14930000
W 40.92770000 47.40020000 58.14930000
W 42.49920000 44.66860000 57.92970000
S 37.78880000 43.64440000 59.42500000
S 39.36000000 46.36220000 59.63440000
S 40.93120000 43.64440000 59.42500000
S 42.50400000 46.36280000 59.62670000
S 37.80200000 49.35130000 56.74760000
S 39.36000000 52.07940000 57.00100000
S 40.91800000 49.35130000 56.74760000
S 42.46570000 52.07340000 56.97950000
W 39.36000000 50.12390000 58.39060000
W 37.79570000 52.83990000 58.63810000
W 40.92430000 52.83990000 58.63810000
W 42.49180000 50.12160000 58.37410000
S 37.78680000 49.07660000 59.86210000
S 39.36000000 51.78800000 60.11440000
S 40.93320000 49.07660000 59.86210000
S 42.51030000 51.79030000 60.09330000
S 37.81230000 54.79140000 57.25060000
S 39.36000000 57.49140000 57.50690000
S 40.90770000 54.79140000 57.25060000
S 42.44740000 57.48700000 57.47090000
W 39.36000000 55.55070000 58.90090000
W 37.79740000 58.25650000 59.13510000
W 40.92260000 58.25650000 59.13510000
W 42.48650000 55.54960000 58.86950000
S 37.78230000 54.50110000 60.36410000
S 39.36000000 57.21740000 60.62210000
S 40.93770000 54.50110000 60.36410000
S 42.52060000 57.22070000 60.58580000
S 37.81990000 60.17480000 57.71860000
S 39.36000000 62.84790000 57.90500000
S 40.90010000 60.17480000 57.71860000
S 42.43650000 62.84600000 57.85810000
W 39.36000000 60.96050000 59.35590000
W 37.79760000 63.66450000 59.50210000
W 40.92240000 63.66450000 59.50210000
W 42.48470000 60.96040000 59.31140000
S 37.77660000 59.94360000 60.83680000
S 39.36000000 62.67850000 61.02730000
S 40.94340000 59.94360000 60.83680000
S 42.53060000 62.68090000 60.97930000
S 37.82340000 65.51230000 58.00490000
S -0.00000000 -0.00001979 58.05610000
S 40.89660000 65.51230000 58.00490000
S 3.07300000 -0.00011979 58.00490000
W 39.36000000 66.36960000 59.60460000
W 77.15780000 0.90198021 59.60460000
W 42.48460000 66.36950000 59.55320000
S 37.77260000 65.42380000 61.13010000
S -0.00000000 -0.00001979 61.18300000
S 40.94740000 65.42380000 61.13010000
S 45.75280000 2.68879000 56.00830000
S 48.94600000 2.68759000 56.11070000
W 45.71220000 0.89413100 57.59070000
W 44.12490000 3.60989000 57.52050000
W 47.29940000 3.60905000 57.60170000
W 48.88520000 0.89429500 57.69290000
S 45.67170000 2.72997000 59.13250000
S 48.82450000 2.72981000 59.23370000
S 44.15450000 5.39341000 55.92280000
S 45.75040000 8.10415000 55.89110000
S 47.34880000 5.39101000 56.00350000
S 48.94210000 8.09959000 55.98950000
W 45.71240000 6.32717000 57.49880000
W 44.12440000 9.04939000 57.39400000
W 47.29850000 9.04679000 57.47170000
W 48.88540000 6.32505000 57.59840000
S 44.09470000 5.45902000 59.04690000
S 45.67250000 8.18514000 59.01440000
S 47.24900000 5.45839000 59.12670000
S 48.82560000 8.18379000 59.11160000
S 44.15150000 10.82790000 55.78370000
S 45.74420000 13.55730000 55.74620000
S 47.34340000 10.82310000 55.86020000
S 48.93230000 13.55020000 55.83790000
W 45.71030000 11.77350000 57.35380000
W 44.12150000 14.50530000 57.25380000
W 47.29360000 14.50120000 57.32620000
W 48.88210000 11.76940000 57.44740000
S 44.09470000 10.91040000 58.90720000
S 45.67130000 13.63330000 58.86940000
S 47.24920000 10.90860000 58.98280000
S 48.82410000 13.63060000 58.96010000
S 44.14530000 16.30040000 55.65510000
S 45.73350000 19.04480000 55.64270000
S 47.33270000 16.29380000 55.72570000
S 48.91550000 19.03530000 55.72570000
W 45.70440000 17.23790000 57.23050000
W 44.11560000 19.97880000 57.16470000
W 47.28370000 19.97330000 57.23050000
W 48.87320000 17.23210000 57.31630000
S 44.09250000 16.35880000 58.77880000
S 45.66690000 19.08320000 58.76650000
S 47.24590000 16.35590000 58.84880000
S 48.81830000 19.07940000 58.84880000
S 44.13580000 21.80090000 55.59190000
S 45.71830000 24.55330000 55.61940000
S 47.31610000 21.79230000 55.65510000
S 48.89180000 24.54090000 55.69070000
W 45.69480000 22.71810000 57.17820000
W 44.10730000 25.46530000 57.16060000
W 47.26990000 25.45830000 57.21730000
W 48.85880000 22.71050000 57.25380000
S 44.08810000 21.81250000 58.71610000
S 45.66030000 24.54020000 58.74350000
S 47.23910000 21.80890000 58.77880000
S 48.80970000 24.53580000 58.81450000
S 44.12290000 27.31660000 55.61940000
S 45.69890000 30.07110000 55.69070000
S 47.29410000 27.30530000 55.67210000
S 48.86210000 30.05500000 55.74530000
W 45.68250000 28.20780000 57.21730000
W 44.09730000 30.95770000 57.25380000
W 47.25370000 30.94900000 57.29720000
W 48.84080000 28.19830000 57.27830000
S 44.08260000 27.27290000 58.74350000
S 45.65350000 30.00250000 58.81450000
S 47.23100000 27.26890000 58.79610000
S 48.80130000 29.99800000 58.86930000
S 44.10690000 32.83700000 55.74620000
S 45.67520000 35.58900000 55.86020000
S 47.26710000 32.82240000 55.78370000
S 48.82640000 35.56890000 55.89110000
W 45.66860000 33.69950000 57.35380000
W 44.08630000 36.44840000 57.44740000
W 47.23600000 36.43830000 57.47170000
W 48.82080000 33.68820000 57.39400000
S 44.07760000 32.73580000 58.86940000
S 45.64830000 35.46470000 58.98280000
S 47.22400000 32.73190000 58.90720000
S 48.79520000 35.46090000 59.01440000
S 44.08720000 38.35350000 55.97410000
S 45.64630000 41.09890000 56.12660000
S 47.23450000 38.33530000 55.98950000
S 48.78450000 41.07490000 56.12450000
W 45.65380000 39.18610000 57.58760000
W 44.07470000 41.93000000 57.74100000
W 47.21750000 41.91920000 57.73740000
W 48.79960000 39.17350000 57.59840000
S 44.07440000 38.19510000 59.09540000
S 45.64630000 40.92050000 59.24710000
S 47.21980000 38.19230000 59.11160000
S 48.79340000 40.91910000 59.24620000
S 44.06300000 43.85780000 56.30110000
S 45.61170000 46.59210000 56.48430000
S 47.19570000 43.83640000 56.28510000
S 48.73640000 46.56570000 56.43750000
W 45.63850000 44.66030000 57.91500000
W 44.06310000 47.39490000 58.12910000
W 47.19910000 47.38510000 58.08660000
W 48.77800000 44.64790000 57.88530000
S 44.07450000 43.64420000 59.41960000
S 45.64960000 46.36460000 59.60200000
S 47.22050000 43.64440000 59.40490000
S 48.79750000 46.36760000 59.55670000
S 44.03430000 49.33900000 56.71860000
S 45.57340000 52.05620000 56.91580000
S 47.15140000 49.31640000 56.65980000
S 48.68540000 52.03100000 56.81320000
W 45.62410000 50.11510000 58.32430000
W 44.05330000 52.83650000 58.59070000
W 47.18320000 52.83000000 58.49870000
W 48.75750000 50.10520000 58.24180000
S 44.08010000 49.07940000 59.83400000
S 45.66020000 51.79660000 60.03060000
S 47.22800000 49.08450000 59.77670000
S 48.80930000 51.80520000 59.92930000
S 44.00490000 54.78080000 57.19330000
S 45.53960000 57.47450000 57.36670000
S 47.10740000 54.76140000 57.08370000
S 48.64120000 57.45580000 57.20600000
W 45.61360000 55.54640000 58.77820000
W 44.04790000 58.25550000 59.05920000
W 47.17370000 58.25310000 58.91650000
W 48.74200000 55.54090000 58.63600000
S 44.09200000 54.50690000 60.30720000
S 45.67750000 57.22960000 60.48130000
S 47.24370000 54.51670000 60.19830000
S 48.82820000 57.24140000 60.32030000
S 43.98310000 60.16850000 57.63550000
S 45.51890000 62.84010000 57.72350000
S 47.07440000 60.15670000 57.47970000
S 48.61360000 62.83100000 57.51890000
W 45.60920000 60.95990000 59.18380000
W 44.04670000 63.66450000 59.40600000
W 47.17060000 63.66410000 59.22720000
W 48.73440000 60.95830000 58.98970000
S 44.10730000 59.94950000 60.75250000
S 45.69450000 62.68740000 60.84190000
S 47.26380000 59.95960000 60.59500000
S 48.84730000 62.69600000 60.63450000
S 43.97280000 65.51030000 57.90670000
S 6.15200000 -0.00051979 57.85810000
S 47.05830000 65.50650000 57.72350000
S 48.60410000 68.17230000 57.63550000
W 45.60830000 66.36920000 59.40600000
W 48.73180000 66.36840000 59.18380000
S 44.11820000 65.42640000 61.02920000
S 47.27840000 65.43070000 60.84190000
S 52.13540000 2.68591000 56.25390000
S 55.31890000 2.68375000 56.43750000
W 52.05420000 0.89456700 57.83590000
W 50.47070000 3.60791000 57.72340000
W 53.63720000 3.60660000 57.88530000
W 55.21760000 0.89500700 58.01930000
S 51.97320000 2.72971000 59.37520000
S 55.11680000 2.72987000 59.55670000
S 50.53970000 5.38743000 56.12450000
S 52.12950000 8.09322000 56.12660000
S 53.72560000 5.38267000 56.28510000
S 55.31040000 8.08492000 56.30110000
W 52.05440000 6.32233000 57.73740000
W 50.46920000 9.04312000 57.58760000
W 53.63510000 9.03867000 57.74100000
W 55.21770000 6.31930000 57.91500000
S 50.40020000 5.45767000 59.24620000
S 51.97510000 8.18243000 59.24710000
S 53.54690000 5.45719000 59.40490000
S 55.11980000 8.18172000 59.41960000
S 50.53150000 10.81610000 55.97410000
S 52.11520000 13.54020000 55.96420000
S 53.71380000 10.80650000 56.12400000
S 55.29060000 13.52700000 56.12240000
W 52.04970000 11.76400000 57.57710000
W 50.46210000 14.49540000 57.43330000
W 53.62580000 14.48810000 57.57290000
W 55.21170000 11.75780000 57.74070000
S 50.40070000 10.90650000 59.09540000
S 51.97390000 13.62760000 59.08510000
S 53.54830000 10.90450000 59.24360000
S 55.12000000 13.62550000 59.24170000
S 50.51540000 16.28390000 55.82980000
S 52.09130000 19.02180000 55.83790000
S 53.69140000 16.27030000 55.96420000
S 55.25880000 19.00390000 55.97410000
W 52.03770000 17.22430000 57.43330000
W 50.44840000 19.96550000 57.32620000
W 53.60840000 19.95570000 57.44740000
W 55.19690000 17.21510000 57.57710000
S 50.39690000 16.35240000 58.95180000
S 51.96760000 19.07530000 58.96010000
S 53.54500000 16.34900000 59.08510000
S 55.11510000 19.07200000 59.09540000
S 50.49110000 21.77920000 55.74620000
S 52.05860000 24.52330000 55.78370000
S 53.65860000 21.76130000 55.86020000
S 55.21680000 24.50050000 55.89110000
W 52.01900000 22.70040000 57.35380000
W 50.42950000 25.44830000 57.29720000
W 53.58520000 25.43600000 57.39400000
W 55.17450000 22.68840000 57.47170000
S 50.38890000 21.80440000 58.86940000
S 51.95870000 24.53120000 58.90720000
S 53.53740000 21.80020000 58.98280000
S 55.10770000 24.52740000 59.01440000
S 50.45950000 27.28830000 55.74530000
S 52.01840000 30.03290000 55.81210000
S 53.61720000 27.26560000 55.83190000
S 55.16730000 30.00520000 55.88230000
W 51.99600000 28.18580000 57.35500000
W 50.40770000 30.93690000 57.35500000
W 53.55900000 30.92230000 57.41900000
W 55.14780000 28.17130000 57.43890000
S 50.37970000 27.26410000 58.86930000
S 51.95040000 29.99360000 58.93630000
S 53.52910000 27.25980000 58.95590000
S 55.10130000 29.99010000 59.00690000
S 50.42130000 32.80100000 55.83190000
S 51.97190000 35.54220000 55.92280000
S 53.56890000 32.77370000 55.88230000
S 55.11230000 35.51070000 55.94680000
W 51.97090000 33.67370000 57.43890000
W 50.38430000 36.42450000 57.49880000
W 53.53130000 36.40830000 57.52050000
W 55.11910000 33.65730000 57.47980000
S 50.37220000 32.72760000 58.95590000
S 51.94500000 35.45760000 59.04690000
S 53.52280000 32.72400000 59.00690000
S 55.09740000 35.45530000 59.07170000
S 50.37690000 38.30970000 56.00350000
S 51.91950000 41.04470000 56.11070000
S 53.51510000 38.27870000 56.00830000
S 55.05320000 41.01100000 56.08010000
W 51.94480000 39.15800000 57.60170000
W 50.36010000 41.90500000 57.72340000
W 53.50290000 41.88870000 57.69290000
W 55.08960000 39.14090000 57.59070000
S 50.36840000 38.18970000 59.12670000
S 51.94370000 40.91830000 59.23370000
S 53.51990000 38.18790000 59.13250000
S 55.09620000 40.91830000 59.20410000
S 50.32620000 43.80760000 56.25390000
S 51.86230000 46.53400000 56.36750000
S 53.45670000 43.77460000 56.20340000
S 54.99240000 46.50070000 56.27530000
W 51.91820000 44.63300000 57.83590000
W 50.33610000 47.37230000 58.01930000
W 53.47490000 47.35780000 57.92760000
W 55.05980000 44.61690000 57.76520000
S 50.36940000 43.64530000 59.37520000
S 51.94720000 46.37120000 59.48810000
S 53.52050000 43.64680000 59.32590000
S 55.09750000 46.37450000 59.39700000
S 50.27130000 49.28720000 56.57180000
S 51.80490000 52.00170000 56.67820000
S 53.39680000 49.25520000 56.45770000
S 54.93460000 51.97190000 56.52090000
W 51.89310000 50.09310000 58.12960000
W 50.31520000 52.82110000 58.36830000
W 53.45040000 52.81050000 58.20980000
W 55.03180000 50.07990000 57.99440000
S 50.37670000 49.09070000 59.69010000
S 51.95670000 51.81410000 59.79550000
S 53.52530000 49.09670000 59.57730000
S 55.10220000 51.82120000 59.63930000
S 50.21880000 54.73650000 56.93170000
S 51.75650000 57.43380000 57.00620000
S 53.34230000 54.70980000 56.75100000
S 54.88790000 57.41160000 56.78760000
W 51.87340000 55.53350000 58.45680000
W 50.30150000 58.24900000 58.72360000
W 53.43360000 58.24320000 58.50210000
W 55.00960000 55.52470000 58.25780000
S 50.39150000 54.52790000 60.04700000
S 51.97240000 57.25310000 60.12070000
S 53.53550000 54.53780000 59.86720000
S 55.11190000 57.26210000 59.90310000
S 50.17970000 60.14110000 57.27020000
S 51.72610000 62.81970000 57.27020000
S 53.30260000 60.12380000 57.03150000
S 54.85910000 62.80770000 57.00620000
W 51.86260000 60.95520000 58.75370000
W 50.29580000 63.66270000 58.98970000
W 53.42560000 63.66010000 58.72360000
W 54.99680000 60.95060000 58.50210000
S 50.41090000 59.97100000 60.38440000
S 51.98900000 62.70450000 60.38440000
S 53.55010000 59.98090000 60.14580000
S 55.12360000 62.71100000 60.12070000
S 50.16000000 65.50100000 57.47970000
S 51.71550000 68.17140000 57.36670000
S 53.28240000 65.49460000 57.20600000
S 54.84890000 68.17010000 57.08370000
W 51.85820000 66.36690000 58.91650000
W 54.99120000 66.36470000 58.63600000
S 50.42530000 65.43560000 60.59500000
S 53.56160000 65.43980000 60.32030000
S 58.49360000 2.68103000 56.65980000
S 61.65530000 2.67768000 56.91580000
W 58.37360000 0.89567600 58.24180000
W 56.79720000 3.60535000 58.08660000
W 59.94890000 3.60440000 58.32430000
W 61.52050000 0.89662700 58.49870000
S 56.68540000 0.00084170 59.69010000
S 58.25440000 2.73061000 59.77670000
S 59.82000000 0.00082693 59.92930000
S 61.38700000 2.73231000 60.03060000
S 56.90410000 5.37664000 56.48430000
S 58.48200000 8.07450000 56.51020000
S 60.07170000 5.36924000 56.71860000
S 61.64050000 8.06179000 56.74760000
W 58.37360000 6.31631000 58.12910000
W 56.79450000 9.03383000 57.92970000
W 59.94590000 9.02904000 58.14930000
W 61.52070000 6.31377000 58.37410000
S 56.68810000 5.45750000 59.60200000
S 58.25940000 8.18257000 59.62670000
S 59.82400000 5.45934000 59.83400000
S 61.39500000 8.18603000 59.86210000
S 56.88780000 10.79420000 56.30720000
S 58.45590000 13.51010000 56.30720000
S 60.05050000 10.77890000 56.51840000
S 61.60830000 13.48940000 56.51020000
W 58.36660000 11.75100000 57.93390000
W 56.78330000 14.47990000 57.74070000
W 59.93370000 14.47110000 57.92970000
W 61.51360000 11.74430000 58.14930000
S 56.69160000 10.90390000 59.42500000
S 58.26270000 13.62530000 59.42500000
S 59.83080000 10.90570000 59.63440000
S 61.40340000 13.62810000 59.62670000
S 56.85820000 16.25270000 56.12400000
S 58.41580000 18.98140000 56.12660000
S 60.01350000 16.23080000 56.30110000
S 61.56130000 18.95450000 56.28510000
W 58.34980000 17.20480000 57.74100000
W 56.76300000 19.94430000 57.58760000
W 59.91190000 19.93190000 57.73740000
W 61.49620000 17.19400000 57.91500000
S 56.69060000 16.34700000 59.24360000
S 58.26130000 19.07060000 59.24710000
S 59.83430000 16.34760000 59.41960000
S 61.40740000 19.07190000 59.40490000
S 56.81660000 21.73860000 55.98950000
S 58.36560000 24.47280000 56.00350000
S 59.96420000 21.71120000 56.12450000
S 61.50550000 24.44120000 56.11070000
W 58.32510000 22.67500000 57.59840000
W 56.73670000 25.42180000 57.49880000
W 59.88420000 25.40650000 57.60170000
W 61.47080000 22.66070000 57.72340000
S 56.68540000 21.79740000 59.11160000
S 58.25740000 24.52540000 59.12670000
S 59.83360000 21.79680000 59.24620000
S 61.40810000 24.52540000 59.23370000
S 56.76640000 27.23790000 55.92280000
S 58.30930000 29.97330000 55.94680000
S 59.90780000 27.20610000 56.00830000
S 61.44630000 29.93900000 55.99780000
W 58.29620000 28.15530000 57.52050000
W 56.70760000 30.90590000 57.47980000
W 59.85410000 30.88860000 57.52930000
W 61.44180000 28.13850000 57.59070000
S 56.67970000 27.25690000 59.04690000
S 58.25390000 29.98810000 59.07170000
S 59.83160000 27.25560000 59.13250000
S 61.40760000 29.98720000 59.12280000
S 56.71060000 32.74190000 55.92630000
S 58.24970000 35.47640000 55.95670000
S 59.84830000 32.70750000 55.95670000
S 61.38680000 35.44170000 55.94950000
W 58.26580000 33.63980000 57.50880000
W 56.67740000 36.39090000 57.52930000
W 59.82310000 36.37290000 57.52110000
W 61.41150000 33.62190000 57.52110000
S 56.67560000 32.72170000 59.05150000
S 58.25150000 35.45390000 59.08220000
S 59.82980000 32.72030000 59.08220000
S 61.40580000 35.45270000 59.07510000
S 56.65110000 38.24460000 55.99780000
S 58.18880000 40.97660000 56.03110000
S 59.78800000 38.21000000 55.96990000
S 61.32920000 40.94400000 55.96670000
W 58.23460000 39.12320000 57.56180000
W 56.64660000 41.87150000 57.64320000
W 59.79200000 41.85450000 57.57620000
W 61.38080000 39.10570000 57.51610000
S 56.67340000 38.18690000 59.12280000
S 58.24950000 40.91820000 59.15570000
S 59.82750000 38.18610000 59.09520000
S 61.40200000 40.91720000 59.09150000
S 56.59000000 43.74060000 56.13290000
S 58.12950000 46.46860000 56.16620000
S 59.72930000 43.70820000 56.04660000
S 61.27590000 46.43990000 56.04880000
W 58.20360000 44.60060000 57.67620000
W 56.61650000 47.34280000 57.81580000
W 59.76190000 47.32790000 57.69230000
W 61.35050000 44.58480000 57.57600000
S 56.67250000 43.64810000 59.25630000
S 58.24730000 46.37640000 59.28860000
S 59.82390000 43.64820000 59.17050000
S 61.39620000 46.37600000 59.17180000
S 56.53090000 49.22390000 56.32470000
S 58.07640000 51.94450000 56.35390000
S 59.67550000 49.19560000 56.18320000
S 61.23060000 51.92090000 56.18990000
W 58.17480000 50.06640000 57.84640000
W 56.59030000 52.79900000 58.03630000
W 59.73610000 52.78730000 57.86150000
W 61.32300000 50.05320000 57.69740000
S 56.67300000 49.10090000 59.44530000
S 58.24650000 51.82510000 59.47340000
S 59.81990000 49.10240000 59.30470000
S 61.39080000 51.82580000 59.31060000
S 56.48000000 54.68420000 56.55760000
S 58.03560000 57.39120000 56.56950000
S 59.63160000 54.66170000 56.36690000
S 61.19740000 57.37370000 56.36690000
W 58.15220000 55.51500000 58.05600000
W 56.57230000 58.23600000 58.27370000
W 59.71870000 58.22820000 58.05600000
W 61.30200000 55.50530000 57.86590000
S 56.67710000 54.54450000 59.67500000
S 58.25000000 57.26740000 59.68650000
S 59.81840000 54.54750000 59.48580000
S 61.38970000 57.26910000 59.48580000
S 56.44410000 60.10690000 56.78760000
S 58.01110000 62.79630000 56.75100000
S 59.60210000 60.09190000 56.55760000
S 61.17830000 62.78630000 56.52090000
W 58.13900000 60.94490000 58.25780000
W 56.56330000 63.65660000 58.45680000
W 59.71000000 63.65240000 58.20980000
W 61.28990000 60.93890000 58.03630000
S 56.68550000 59.98760000 59.90310000
S 58.25660000 62.71500000 59.86720000
S 59.82160000 59.99100000 59.67500000
S 61.39270000 62.71650000 59.63930000
S 56.42610000 65.48800000 56.93170000
S 58.00250000 68.16870000 56.81320000
S 59.58770000 65.48190000 56.67820000
S 61.17170000 68.16730000 56.57180000
W 58.13320000 66.36230000 58.36830000
W 61.28470000 66.35980000 58.12960000
S 56.69320000 65.44270000 60.04700000
S 59.82600000 65.44420000 59.79550000
S 64.79910000 2.67371000 57.19330000
S 67.92150000 2.66946000 57.47090000
W 64.65780000 0.89783500 58.77820000
W 63.09110000 3.60400000 58.59070000
W 66.22410000 3.60430000 58.86950000
W 67.78680000 0.89917700 59.05920000
S 62.95100000 0.00091258 60.19830000
S 64.51830000 2.73525000 60.30720000
S 66.08350000 0.00088333 60.48130000
S 67.65430000 2.73930000 60.58580000
S 63.22400000 5.36043000 56.97950000
S 64.78210000 8.04705000 57.00100000
S 66.35690000 5.35066000 57.25060000
S 67.90460000 8.03144000 57.25060000
W 64.65850000 6.31205000 58.63810000
W 63.08860000 9.02479000 58.39060000
W 66.22290000 9.02155000 58.63810000
W 67.78830000 6.31141000 58.90090000
S 62.95660000 5.46340000 60.09330000
S 64.52970000 8.19277000 60.11440000
S 66.09050000 5.46990000 60.36410000
S 67.66820000 8.20250000 60.36410000
S 63.19850000 10.76040000 56.74760000
S 64.74590000 13.46530000 56.71860000
S 66.32970000 10.73970000 56.97950000
S 67.86870000 13.43960000 56.91580000
W 64.65250000 11.73810000 58.37410000
W 63.07670000 14.46230000 58.12910000
W 66.21290000 14.45410000 58.32430000
W 67.78440000 11.73300000 58.59070000
S 62.96820000 10.91090000 59.86210000
S 64.54410000 13.63480000 59.83400000
S 66.10680000 10.91980000 60.09330000
S 67.68730000 13.64460000 60.03060000
S 63.15570000 16.20480000 56.48430000
S 64.69520000 18.92410000 56.43750000
S 66.28500000 16.17610000 56.65980000
S 67.81960000 18.89260000 56.57180000
W 64.63630000 17.18300000 58.08660000
W 63.05520000 19.91900000 57.88530000
W 66.19370000 19.90620000 58.01930000
W 67.77110000 17.17270000 58.24180000
S 62.97770000 16.35140000 59.60200000
S 64.55420000 19.07610000 59.55670000
S 66.12240000 16.35840000 59.77670000
S 67.70220000 19.08220000 59.69010000
S 63.10160000 21.68000000 56.25390000
S 64.63830000 24.40750000 56.20340000
S 66.23080000 21.64700000 56.36750000
S 67.76700000 24.37440000 56.27530000
W 64.61240000 22.64600000 57.83590000
W 63.02810000 25.39060000 57.69290000
W 66.16920000 25.37470000 57.76520000
W 67.75060000 22.63170000 57.92760000
S 62.98260000 21.79850000 59.37520000
S 64.55950000 24.52680000 59.32590000
S 66.13220000 21.80200000 59.48810000
S 67.71030000 24.52850000 59.39700000
S 63.04320000 27.17200000 56.08010000
S 64.58120000 29.90470000 56.03110000
S 66.17550000 27.13810000 56.13290000
S 67.71700000 29.87300000 56.04660000
W 64.58510000 28.12160000 57.64320000
W 62.99900000 30.87110000 57.56180000
W 66.14300000 30.85410000 57.57620000
W 67.72700000 28.10550000 57.67620000
S 62.98440000 27.25560000 59.20410000
S 64.56090000 29.98640000 59.15570000
S 66.13660000 27.25580000 59.25630000
S 67.71240000 29.98490000 59.17050000
S 62.98480000 32.67290000 55.96990000
S 64.52680000 35.40910000 55.92670000
S 66.12310000 32.64070000 55.96670000
S 67.67170000 35.38080000 55.89380000
W 64.55690000 33.60440000 57.51610000
W 62.96930000 36.35530000 57.49610000
W 66.11650000 36.33880000 57.45900000
W 67.70280000 33.58830000 57.49800000
S 62.98380000 32.71910000 59.09520000
S 64.55880000 35.45060000 59.05200000
S 66.13630000 32.71710000 59.09150000
S 67.70950000 35.44730000 59.01870000
S 62.92860000 38.17730000 55.92670000
S 64.47650000 40.91500000 55.89380000
S 66.07510000 38.14850000 55.87440000
S 67.63150000 40.89110000 55.82130000
W 64.52860000 39.08910000 57.45900000
W 62.93970000 41.83820000 57.49800000
W 66.09040000 41.82320000 57.41730000
W 67.67870000 39.07430000 57.39840000
S 62.98050000 38.18430000 59.05200000
S 64.55300000 40.91450000 59.01870000
S 66.13170000 38.18120000 58.99940000
S 67.70250000 40.91050000 58.94610000
S 62.87650000 43.67930000 55.95210000
S 64.43200000 46.41570000 55.93350000
S 66.03240000 43.65500000 55.85880000
S 67.59720000 46.39630000 55.82980000
W 64.50110000 44.57010000 57.47390000
W 62.91170000 47.31380000 57.56760000
W 66.06620000 47.30110000 57.45180000
W 67.65570000 44.55720000 57.37970000
S 62.97420000 43.64650000 59.07620000
S 64.54460000 46.37340000 59.05700000
S 66.12350000 43.64290000 58.98320000
S 67.69320000 46.36930000 58.95390000
S 62.83110000 49.17150000 56.04440000
S 64.39580000 51.90160000 56.04010000
S 65.99670000 49.15200000 55.91850000
S 67.57020000 51.88640000 55.91280000
W 64.47680000 50.04110000 57.55860000
W 62.88840000 52.77610000 57.69790000
W 66.04670000 52.76600000 57.55490000
W 67.63590000 50.03050000 57.43890000
S 62.96660000 49.10120000 59.16670000
S 64.53660000 51.82380000 59.16200000
S 66.11420000 49.09780000 59.04160000
S 67.68470000 51.82020000 59.03580000
S 62.79570000 54.64290000 56.19150000
S 64.37040000 57.35930000 56.18990000
S 65.96980000 54.62780000 56.04010000
S 67.55170000 57.34800000 56.04440000
W 64.45870000 55.49610000 57.69790000
W 62.87290000 58.22040000 57.86150000
W 66.03410000 58.21310000 57.69740000
W 67.62150000 55.48800000 57.55860000
S 62.96150000 54.54720000 59.31190000
S 64.53300000 57.26810000 59.31060000
S 66.10760000 54.54480000 59.16200000
S 67.68050000 57.26580000 59.16670000
S 62.77290000 60.07910000 56.35390000
S 64.35630000 62.77790000 56.32470000
S 65.95310000 60.06870000 56.18320000
S 67.54180000 62.77110000 56.16620000
W 64.44860000 60.93300000 57.84640000
W 62.86540000 63.64820000 57.99440000
W 66.02820000 63.64430000 57.81580000
W 67.61380000 60.92780000 57.69230000
S 62.96140000 59.99150000 59.47340000
S 64.53390000 62.71630000 59.44530000
S 66.10600000 59.99030000 59.30470000
S 67.68050000 62.71520000 59.28860000
S 62.76210000 65.47650000 56.45770000
S 64.35150000 68.16600000 56.36750000
S 65.94540000 65.47190000 56.27530000
S 67.53840000 68.16490000 56.20340000
W 64.44440000 66.35750000 57.92760000
W 67.61060000 66.35540000 57.76520000
S 62.96370000 65.44440000 59.57730000
S 25.17490000 0.00038021 59.48810000
S 66.10720000 65.44400000 59.39700000
S 28.32110000 -0.00001979 59.32590000
S 71.02280000 2.66560000 57.71860000
S 74.10790000 2.66279000 57.90500000
W 70.91090000 0.90045600 59.31140000
W 69.35030000 3.60524000 59.13510000
W 72.47340000 3.60650000 59.35590000
W 74.03390000 0.90144100 59.50210000
S 69.22420000 0.00072547 60.75250000
S 70.80100000 2.74373000 60.83680000
S 72.37800000 0.00043819 60.97930000
S 73.96120000 2.74749000 61.02730000
S 69.46900000 5.34107000 57.50690000
S 71.00890000 8.01707000 57.47090000
S 72.56290000 5.33315000 57.71860000
S 74.09900000 8.00621000 57.63550000
W 70.91290000 6.31177000 59.13510000
W 69.35060000 9.01960000 58.86950000
W 72.47470000 9.01884000 59.05920000
W 74.03560000 6.31264000 59.31140000
S 69.23170000 5.47808000 60.62210000
S 70.81480000 8.21356000 60.58580000
S 72.38440000 5.48620000 60.83680000
S 73.97150000 8.22325000 60.75250000
S 69.44400000 10.71900000 57.19330000
S 70.97850000 13.41550000 57.08370000
S 72.54410000 10.70120000 57.36670000
S 74.07880000 13.39660000 57.20600000
W 70.91130000 11.72930000 58.77820000
W 69.34380000 14.44690000 58.49870000
W 72.47090000 14.44140000 58.63600000
W 74.03550000 11.72710000 58.91650000
S 69.25040000 10.93140000 60.30720000
S 70.83470000 13.65590000 60.19830000
S 72.40100000 10.94310000 60.48130000
S 73.98660000 13.66580000 60.32030000
S 69.40290000 16.14730000 56.81320000
S 70.93720000 18.86350000 56.67820000
S 72.51260000 16.12250000 56.93170000
S 74.05120000 18.84090000 56.75100000
W 70.90200000 17.16370000 58.36830000
W 69.32840000 19.89420000 58.12960000
W 72.46040000 19.88420000 58.20980000
W 74.03020000 17.15690000 58.45680000
S 69.26930000 16.36750000 59.92930000
S 70.85070000 19.08880000 59.79550000
S 72.41830000 16.37640000 60.04700000
S 73.99890000 19.09420000 59.86720000
S 69.35470000 21.61540000 56.45770000
S 70.89460000 24.34530000 56.32470000
S 72.47630000 21.58880000 56.52090000
S 74.02350000 24.32340000 56.35390000
W 70.88630000 22.61900000 57.99440000
W 69.30830000 25.36000000 57.81580000
W 72.44610000 25.34770000 57.84640000
W 74.02040000 22.60920000 58.03630000
S 69.28160000 21.80590000 59.57730000
S 70.85910000 24.52980000 59.44530000
S 72.42960000 21.80940000 59.63930000
S 74.00510000 24.53040000 59.47340000
S 69.30780000 27.10730000 56.16620000
S 70.85610000 29.84650000 56.04880000
S 72.44240000 27.08270000 56.18320000
S 73.99930000 29.82750000 56.04440000
W 70.86810000 28.09140000 57.69230000
W 69.28680000 30.83870000 57.57600000
W 72.43080000 30.82620000 57.56760000
W 74.00890000 28.08070000 57.69740000
S 69.28680000 27.25540000 59.28860000
S 70.86090000 29.98260000 59.17180000
S 72.43390000 27.25430000 59.30470000
S 74.00620000 29.98010000 59.16670000
S 69.26560000 32.61300000 55.95210000
S 70.82260000 35.35820000 55.85880000
S 72.41310000 32.59190000 55.93350000
S 73.97900000 35.34270000 55.82980000
W 70.84940000 33.57460000 57.47390000
W 69.26520000 36.32430000 57.41730000
W 72.41560000 36.31290000 57.37970000
W 73.99710000 33.56450000 57.45180000
S 69.28610000 32.71410000 59.07620000
S 70.85770000 35.44320000 58.98320000
S 72.43280000 32.71050000 59.05700000
S 74.00350000 35.43940000 58.95390000
S 69.22850000 38.12510000 55.82130000
S 70.79380000 40.87280000 55.75800000
S 72.38820000 38.10790000 55.77600000
S 73.96180000 40.86060000 55.71150000
W 70.83110000 39.06200000 57.34340000
W 69.24430000 41.81050000 57.34340000
W 72.40100000 41.80070000 57.28460000
W 73.98570000 39.05330000 57.30200000
S 69.28080000 38.17690000 58.94610000
S 70.85090000 40.90580000 58.88290000
S 72.42810000 38.17250000 58.90070000
S 73.99870000 40.90170000 58.83650000
S 69.19650000 43.63610000 55.77600000
S 70.76980000 46.38190000 55.74580000
S 72.36720000 43.62250000 55.71150000
S 73.94780000 46.37240000 55.68690000
W 70.81390000 44.54680000 57.30200000
W 69.22530000 47.29050000 57.35380000
W 72.38800000 47.28240000 57.27980000
W 73.97510000 44.53950000 57.24690000
S 69.27240000 43.63830000 58.90070000
S 70.84260000 46.36470000 58.87040000
S 72.42130000 43.63390000 58.83650000
S 73.99300000 46.36090000 58.81200000
S 69.17050000 49.13710000 55.81350000
S 70.75130000 51.87510000 55.81350000
S 72.35040000 49.12650000 55.73520000
S 73.93700000 51.86760000 55.74580000
W 70.79940000 50.02200000 57.34460000
W 69.21030000 52.75740000 57.43890000
W 72.37790000 52.75100000 57.35380000
W 73.96630000 50.01600000 57.27980000
S 69.26340000 49.09360000 58.93750000
S 70.83540000 51.81640000 58.93750000
S 72.41440000 49.08960000 58.85980000
S 73.98830000 51.81320000 58.87040000
S 69.15140000 54.61620000 55.91850000
S 70.73890000 57.33950000 55.93350000
S 72.33820000 54.60800000 55.82980000
S 73.92980000 57.33380000 55.85880000
W 70.78910000 55.48140000 57.45180000
W 69.20090000 58.20700000 57.56760000
W 72.37170000 58.20240000 57.47390000
W 73.96010000 55.47690000 57.37970000
S 69.25710000 54.54150000 59.04160000
S 70.83170000 57.26310000 59.05700000
S 72.40960000 54.53840000 58.95390000
S 73.98590000 57.26090000 58.98320000
S 69.13980000 60.06060000 56.04880000
S 70.73220000 62.76590000 56.04660000
S 72.33090000 60.05480000 55.95210000
S 73.92610000 62.76240000 55.96670000
W 70.78370000 60.92350000 57.57600000
W 69.19660000 63.64100000 57.67620000
W 72.36890000 63.63840000 57.57620000
W 73.95690000 60.92060000 57.49800000
S 69.25530000 59.98840000 59.17180000
S 70.83150000 62.71390000 59.17050000
S 72.40820000 59.98650000 59.07620000
S 73.98570000 62.71280000 59.09150000
S 69.13450000 65.46830000 56.13290000
S 70.73000000 68.16400000 56.08010000
S 72.32760000 65.46570000 56.03110000
S 73.92480000 68.16350000 55.99780000
W 70.78150000 66.35390000 57.64320000
W 73.95560000 66.35280000 57.56180000
S 69.25590000 65.44320000 59.25630000
S 31.47180000 -0.00031979 59.20410000
S 72.40850000 65.44240000 59.15570000
S 34.62590000 -0.00061979 59.12280000
S 77.18360000 2.66136000 58.00490000
W 75.59630000 3.60757000 59.50210000
S 75.54490000 0.00013369 61.13010000
S 77.13240000 2.74962000 61.13010000
S 75.64440000 5.32809000 57.85810000
S 77.18060000 8.00044000 57.72350000
S 78.72000000 5.32637000 57.90670000
S 80.25940000 8.00044000 57.72350000
W 77.15840000 6.31332000 59.40600000
W 75.59740000 9.01878000 59.18380000
W 78.72000000 9.01885000 59.22720000
S 75.54860000 5.49214000 60.97930000
S 77.13610000 8.22890000 60.84190000
S 78.72000000 5.49431000 61.02920000
S 80.30390000 8.22890000 60.84190000
S 75.63450000 10.68930000 57.47970000
S 77.17350000 13.38630000 57.27020000
S 78.72000000 10.68510000 57.51890000
S 80.26650000 13.38630000 57.27020000
W 77.15860000 11.72610000 58.98970000
W 75.59590000 14.43790000 58.72360000
W 78.72000000 14.43670000 58.75370000
W 80.28140000 11.72610000 58.98970000
S 75.55840000 10.95180000 60.59500000
S 77.14180000 13.67160000 60.38440000
S 78.72000000 10.95500000 60.63450000
S 80.29820000 13.67160000 60.38440000
S 75.61740000 16.10550000 57.00620000
S 77.16380000 18.82860000 56.78760000
S 78.72000000 16.09950000 57.03150000
S 80.27620000 18.82860000 56.78760000
W 77.15690000 17.15330000 58.50210000
W 75.59060000 19.87740000 58.25780000
W 78.72000000 19.87500000 58.27370000
W 80.28310000 17.15330000 58.50210000
S 75.56880000 16.38290000 60.12070000
S 77.14640000 19.09730000 59.90310000
S 78.72000000 16.38530000 60.14580000
S 80.29360000 19.09730000 59.90310000
S 75.59790000 21.57100000 56.55760000
S 77.15420000 24.31170000 56.36690000
S 78.72000000 21.56470000 56.56950000
S 80.28580000 24.31170000 56.36690000
W 77.15360000 22.60380000 58.05600000
W 75.58320000 25.33940000 57.86150000
W 78.72000000 25.33640000 57.86590000
W 80.28640000 22.60380000 58.05600000
S 75.57550000 21.81150000 59.67500000
S 77.14870000 24.53050000 59.48580000
S 78.72000000 21.81230000 59.68650000
S 80.29130000 24.53050000 59.48580000
S 75.58010000 27.06680000 56.18990000
S 77.14600000 29.81760000 56.04010000
S 78.72000000 27.06130000 56.19150000
S 80.29400000 29.81760000 56.04010000
W 77.14960000 28.07490000 57.69790000
W 75.57520000 30.81800000 57.55860000
W 78.72000000 30.81510000 57.55490000
W 80.29040000 28.07490000 57.69790000
S 75.57790000 27.25310000 59.31060000
S 77.14900000 29.97850000 59.16200000
S 78.72000000 27.25260000 59.31190000
S 80.29100000 29.97850000 59.16200000
S 75.56520000 32.57880000 55.91850000
S 77.13920000 35.33480000 55.81350000
S 78.72000000 32.57430000 55.91280000
S 80.30080000 35.33480000 55.81350000
W 77.14560000 33.55910000 57.43890000
W 75.56740000 36.30560000 57.35380000
W 78.72000000 36.30310000 57.34460000
W 80.29440000 33.55910000 57.43890000
S 75.57710000 32.70770000 59.04160000
S 77.14800000 35.43710000 58.93750000
S 78.72000000 32.70660000 59.03580000
S 80.29200000 35.43710000 58.93750000
S 75.55280000 38.09750000 55.74580000
S 77.13350000 40.85440000 55.68690000
S 78.72000000 38.09400000 55.73520000
S 80.30650000 40.85440000 55.68690000
W 77.14170000 39.04870000 57.27980000
W 75.55990000 41.79460000 57.24690000
W 78.72000000 41.79250000 57.23390000
W 80.29830000 39.04870000 57.27980000
S 75.57430000 38.16910000 58.87040000
S 77.14620000 40.89940000 58.81200000
S 78.72000000 38.16790000 58.85980000
S 80.29380000 40.89940000 58.81200000
S 75.54250000 43.61450000 55.67060000
S 77.12890000 46.36760000 55.65670000
S 78.72000000 43.61180000 55.65670000
S 80.31110000 46.36760000 55.65670000
W 77.13820000 44.53570000 57.21840000
W 75.55330000 47.27730000 57.23390000
W 78.72000000 47.27560000 57.21840000
W 80.30180000 44.53570000 57.21840000
S 75.57050000 43.63070000 58.79580000
S 77.14420000 46.35880000 58.78200000
S 78.72000000 43.62950000 58.78200000
S 80.29580000 46.35880000 58.78200000
S 75.53420000 49.12020000 55.68690000
S 77.12540000 51.86390000 55.71150000
S 78.72000000 49.11810000 55.67060000
S 80.31460000 51.86390000 55.71150000
W 77.13520000 50.01290000 57.24690000
W 75.54830000 52.74690000 57.30200000
W 78.72000000 52.74560000 57.28460000
W 80.30480000 50.01290000 57.24690000
S 75.56680000 49.08670000 58.81200000
S 77.14260000 51.81140000 58.83650000
S 78.72000000 49.08570000 58.79580000
S 80.29740000 51.81140000 58.83650000
S 75.52830000 54.60310000 55.77600000
S 77.12300000 57.33090000 55.82130000
S 78.72000000 54.60140000 55.75800000
S 80.31700000 57.33090000 55.82130000
W 77.13320000 55.47450000 57.34340000
W 75.54520000 58.19940000 57.41730000
W 78.72000000 58.19850000 57.39840000
W 80.30680000 55.47450000 57.34340000
S 75.56430000 54.53620000 58.90070000
S 77.14180000 57.25970000 58.94610000
S 78.72000000 54.53550000 58.88290000
S 80.29820000 57.25970000 58.94610000
S 75.52480000 60.05120000 55.89380000
S 77.12180000 62.76060000 55.92670000
S 78.72000000 60.05010000 55.87440000
S 80.31820000 62.76060000 55.92670000
W 77.13210000 60.91910000 57.45900000
W 75.54380000 63.63690000 57.51610000
W 78.72000000 63.63630000 57.49610000
W 80.30790000 60.91910000 57.45900000
S 75.56350000 59.98520000 59.01870000
S 77.14170000 62.71210000 59.05200000
S 78.72000000 59.98470000 58.99940000
S 80.29830000 62.71210000 59.05200000
S 75.52320000 65.46410000 55.96990000
S 77.12140000 68.16320000 55.95670000
S 78.72000000 65.46360000 55.94950000
S 80.31860000 68.16320000 55.95670000
W 77.13170000 66.35220000 57.52110000
W 80.30830000 66.35220000 57.52110000
S 75.56360000 65.44190000 59.09520000
S 77.14180000 68.17280000 59.08220000
S 78.72000000 65.44170000 59.07510000
S 80.29820000 68.17280000 59.08220000
S 81.80550000 10.68930000 57.47970000
S 83.36120000 13.39660000 57.20600000
W 81.84410000 14.43790000 58.72360000
S 81.88160000 10.95180000 60.59500000
S 83.45340000 13.66580000 60.32030000
S 81.82260000 16.10550000 57.00620000
S 83.38880000 18.84090000 56.75100000
S 84.92740000 16.12250000 56.93170000
S 86.50280000 18.86350000 56.67820000
W 83.40980000 17.15690000 58.45680000
W 81.84940000 19.87740000 58.25780000
W 84.97960000 19.88420000 58.20980000
S 81.87120000 16.38290000 60.12070000
S 83.44110000 19.09420000 59.86720000
S 85.02170000 16.37640000 60.04700000
S 86.58930000 19.08880000 59.79550000
S 81.84210000 21.57100000 56.55760000
S 83.41650000 24.32340000 56.35390000
S 84.96370000 21.58880000 56.52090000
S 86.54540000 24.34530000 56.32470000
W 83.41960000 22.60920000 58.03630000
W 81.85680000 25.33940000 57.86150000
W 84.99390000 25.34770000 57.84640000
W 86.55370000 22.61900000 57.99440000
S 81.86450000 21.81150000 59.67500000
S 83.43490000 24.53040000 59.47340000
S 85.01040000 21.80940000 59.63930000
S 86.58090000 24.52980000 59.44530000
S 81.85990000 27.06680000 56.18990000
S 83.44070000 29.82750000 56.04440000
S 84.99760000 27.08270000 56.18320000
S 86.58390000 29.84650000 56.04880000
W 83.43110000 28.08070000 57.69740000
W 81.86480000 30.81800000 57.55860000
W 85.00920000 30.82620000 57.56760000
W 86.57190000 28.09140000 57.69230000
S 81.86210000 27.25310000 59.31060000
S 83.43380000 29.98010000 59.16670000
S 85.00610000 27.25430000 59.30470000
S 86.57910000 29.98260000 59.17180000
S 81.87480000 32.57880000 55.91850000
S 83.46100000 35.34270000 55.82980000
S 85.02690000 32.59190000 55.93350000
S 86.61740000 35.35820000 55.85880000
W 83.44290000 33.56450000 57.45180000
W 81.87260000 36.30560000 57.35380000
W 85.02440000 36.31290000 57.37970000
W 86.59060000 33.57460000 57.47390000
S 81.86290000 32.70770000 59.04160000
S 83.43650000 35.43940000 58.95390000
S 85.00720000 32.71050000 59.05700000
S 86.58230000 35.44320000 58.98320000
S 81.88720000 38.09750000 55.74580000
S 83.47820000 40.86060000 55.71150000
S 85.05180000 38.10790000 55.77600000
S 86.64620000 40.87280000 55.75800000
W 83.45430000 39.05330000 57.30200000
W 81.88010000 41.79460000 57.24690000
W 85.03900000 41.80070000 57.28460000
W 86.60890000 39.06200000 57.34340000
S 81.86570000 38.16910000 58.87040000
S 83.44130000 40.90170000 58.83650000
S 85.01190000 38.17250000 58.90070000
S 86.58910000 40.90580000 58.88290000
S 81.89750000 43.61450000 55.67060000
S 83.49220000 46.37240000 55.68690000
S 85.07280000 43.62250000 55.71150000
S 86.67020000 46.38190000 55.74580000
W 83.46490000 44.53950000 57.24690000
W 81.88670000 47.27730000 57.23390000
W 85.05200000 47.28240000 57.27980000
W 86.62610000 44.54680000 57.30200000
S 81.86950000 43.63070000 58.79580000
S 83.44700000 46.36090000 58.81200000
S 85.01870000 43.63390000 58.83650000
S 86.59740000 46.36470000 58.87040000
S 81.90580000 49.12020000 55.68690000
S 83.50300000 51.86760000 55.74580000
S 85.08960000 49.12650000 55.73520000
S 86.68870000 51.87510000 55.81350000
W 83.47370000 50.01600000 57.27980000
W 81.89170000 52.74690000 57.30200000
W 85.06210000 52.75100000 57.35380000
W 86.64060000 50.02200000 57.34460000
S 81.87320000 49.08670000 58.81200000
S 83.45170000 51.81320000 58.87040000
S 85.02560000 49.08960000 58.85980000
S 86.60460000 51.81640000 58.93750000
S 81.91170000 54.60310000 55.77600000
S 83.51020000 57.33380000 55.85880000
S 85.10180000 54.60800000 55.82980000
S 86.70110000 57.33950000 55.93350000
W 83.47990000 55.47690000 57.37970000
W 81.89480000 58.19940000 57.41730000
W 85.06830000 58.20240000 57.47390000
W 86.65090000 55.48140000 57.45180000
S 81.87570000 54.53620000 58.90070000
S 83.45410000 57.26090000 58.98320000
S 85.03040000 54.53840000 58.95390000
S 86.60830000 57.26310000 59.05700000
S 81.91520000 60.05120000 55.89380000
S 83.51390000 62.76240000 55.96670000
S 85.10910000 60.05480000 55.95210000
S 86.70780000 62.76590000 56.04660000
W 83.48310000 60.92060000 57.49800000
W 81.89620000 63.63690000 57.51610000
W 85.07110000 63.63840000 57.57620000
W 86.65630000 60.92350000 57.57600000
S 81.87650000 59.98520000 59.01870000
S 83.45430000 62.71280000 59.09150000
S 85.03180000 59.98650000 59.07620000
S 86.60850000 62.71390000 59.17050000
S 81.91680000 65.46410000 55.96990000
S 83.51520000 68.16350000 55.99780000
S 85.11240000 65.46570000 56.03110000
S 86.71000000 68.16400000 56.08010000
W 83.48440000 66.35280000 57.56180000
W 86.65850000 66.35390000 57.64320000
S 81.87640000 65.44190000 59.09520000
S 44.09410000 -0.00061979 59.12280000
S 85.03150000 65.44240000 59.15570000
S 47.24820000 -0.00031979 59.20410000
S 88.08530000 21.61540000 56.45770000
S 89.67300000 24.37440000 56.27530000
W 88.13170000 25.36000000 57.81580000
S 88.15840000 21.80590000 59.57730000
S 89.72970000 24.52850000 59.39700000
S 88.13220000 27.10730000 56.16620000
S 89.72300000 29.87300000 56.04660000
S 91.26450000 27.13810000 56.13290000
S 92.85880000 29.90470000 56.03110000
W 89.71300000 28.10550000 57.67620000
W 88.15320000 30.83870000 57.57600000
W 91.29700000 30.85410000 57.57620000
S 88.15320000 27.25540000 59.28860000
S 89.72760000 29.98490000 59.17050000
S 91.30340000 27.25580000 59.25630000
S 92.87910000 29.98640000 59.15570000
S 88.17440000 32.61300000 55.95210000
S 89.76830000 35.38080000 55.89380000
S 91.31690000 32.64070000 55.96670000
S 92.91320000 35.40910000 55.92670000
W 89.73720000 33.58830000 57.49800000
W 88.17480000 36.32430000 57.41730000
W 91.32350000 36.33880000 57.45900000
W 92.88310000 33.60440000 57.51610000
S 88.15390000 32.71410000 59.07620000
S 89.73050000 35.44730000 59.01870000
S 91.30370000 32.71710000 59.09150000
S 92.88120000 35.45060000 59.05200000
S 88.21150000 38.12510000 55.82130000
S 89.80850000 40.89110000 55.82130000
S 91.36490000 38.14850000 55.87440000
S 92.96350000 40.91500000 55.89380000
W 89.76130000 39.07430000 57.39840000
W 88.19570000 41.81050000 57.34340000
W 91.34960000 41.82320000 57.41730000
W 92.91140000 39.08910000 57.45900000
S 88.15920000 38.17690000 58.94610000
S 89.73750000 40.91050000 58.94610000
S 91.30830000 38.18120000 58.99940000
S 92.88700000 40.91450000 59.01870000
S 88.24350000 43.63610000 55.77600000
S 89.84280000 46.39630000 55.82980000
S 91.40760000 43.65500000 55.85880000
S 93.00800000 46.41570000 55.93350000
W 89.78430000 44.55720000 57.37970000
W 88.21470000 47.29050000 57.35380000
W 91.37380000 47.30110000 57.45180000
W 92.93890000 44.57010000 57.47390000
S 88.16760000 43.63830000 58.90070000
S 89.74680000 46.36930000 58.95390000
S 91.31650000 43.64290000 58.98320000
S 92.89540000 46.37340000 59.05700000
S 88.26950000 49.13710000 55.81350000
S 89.86980000 51.88640000 55.91280000
S 91.44330000 49.15200000 55.91850000
S 93.04420000 51.90160000 56.04010000
W 89.80410000 50.03050000 57.43890000
W 88.22970000 52.75740000 57.43890000
W 91.39330000 52.76600000 57.55490000
W 92.96320000 50.04110000 57.55860000
S 88.17660000 49.09360000 58.93750000
S 89.75530000 51.82020000 59.03580000
S 91.32580000 49.09780000 59.04160000
S 92.90340000 51.82380000 59.16200000
S 88.28860000 54.61620000 55.91850000
S 89.88830000 57.34800000 56.04440000
S 91.47020000 54.62780000 56.04010000
S 93.06960000 57.35930000 56.18990000
W 89.81850000 55.48800000 57.55860000
W 88.23910000 58.20700000 57.56760000
W 91.40590000 58.21310000 57.69740000
W 92.98130000 55.49610000 57.69790000
S 88.18290000 54.54150000 59.04160000
S 89.75950000 57.26580000 59.16670000
S 91.33240000 54.54480000 59.16200000
S 92.90700000 57.26810000 59.31060000
S 88.30020000 60.06060000 56.04880000
S 89.89820000 62.77110000 56.16620000
S 91.48690000 60.06870000 56.18320000
S 93.08370000 62.77790000 56.32470000
W 89.82620000 60.92780000 57.69230000
W 88.24340000 63.64100000 57.67620000
W 91.41180000 63.64430000 57.81580000
W 92.99140000 60.93300000 57.84640000
S 88.18470000 59.98840000 59.17180000
S 89.75950000 62.71520000 59.28860000
S 91.33400000 59.99030000 59.30470000
S 92.90610000 62.71630000 59.44530000
S 88.30550000 65.46830000 56.13290000
S 89.90160000 68.16490000 56.20340000
S 91.49460000 65.47190000 56.27530000
S 93.08850000 68.16600000 56.36750000
W 89.82940000 66.35540000 57.76520000
W 92.99560000 66.35750000 57.92760000
S 88.18410000 65.44320000 59.25630000
S 50.39890000 -0.00001979 59.32590000
S 91.33280000 65.44400000 59.39700000
S 53.54510000 0.00038021 59.48810000
S 94.45520000 32.67290000 55.96990000
S 96.05320000 35.44170000 55.94950000
W 94.47070000 36.35530000 57.49610000
S 94.45620000 32.71910000 59.09520000
S 96.03420000 35.45270000 59.07510000
S 94.51140000 38.17730000 55.92670000
S 96.11080000 40.94400000 55.96670000
S 97.65200000 38.21000000 55.96990000
S 99.25120000 40.97660000 56.03110000
W 96.05920000 39.10570000 57.51610000
W 94.50030000 41.83820000 57.49800000
W 97.64800000 41.85450000 57.57620000
S 94.45950000 38.18430000 59.05200000
S 96.03800000 40.91720000 59.09150000
S 97.61250000 38.18610000 59.09520000
S 99.19050000 40.91820000 59.15570000
S 94.56350000 43.67930000 55.95210000
S 96.16410000 46.43990000 56.04880000
S 97.71070000 43.70820000 56.04660000
S 99.31050000 46.46860000 56.16620000
W 96.08950000 44.58480000 57.57600000
W 94.52830000 47.31380000 57.56760000
W 97.67810000 47.32790000 57.69230000
W 99.23640000 44.60060000 57.67620000
S 94.46580000 43.64650000 59.07620000
S 96.04380000 46.37600000 59.17180000
S 97.61610000 43.64820000 59.17050000
S 99.19270000 46.37640000 59.28860000
S 94.60890000 49.17150000 56.04440000
S 96.20940000 51.92090000 56.18990000
S 97.76450000 49.19560000 56.18320000
S 99.36360000 51.94450000 56.35390000
W 96.11700000 50.05320000 57.69740000
W 94.55160000 52.77610000 57.69790000
W 97.70390000 52.78730000 57.86150000
W 99.26520000 50.06640000 57.84640000
S 94.47340000 49.10120000 59.16670000
S 96.04920000 51.82580000 59.31060000
S 97.62010000 49.10240000 59.30470000
S 99.19350000 51.82510000 59.47340000
S 94.64430000 54.64290000 56.19150000
S 96.24260000 57.37370000 56.36690000
S 97.80840000 54.66170000 56.36690000
S 99.40440000 57.39120000 56.56950000
W 96.13800000 55.50530000 57.86590000
W 94.56710000 58.22040000 57.86150000
W 97.72130000 58.22820000 58.05600000
W 99.28780000 55.51500000 58.05600000
S 94.47850000 54.54720000 59.31190000
S 96.05030000 57.26910000 59.48580000
S 97.62160000 54.54750000 59.48580000
S 99.19000000 57.26740000 59.68650000
S 94.66710000 60.07910000 56.35390000
S 96.26170000 62.78630000 56.52090000
S 97.83790000 60.09190000 56.55760000
S 99.42890000 62.79630000 56.75100000
W 96.15010000 60.93890000 58.03630000
W 94.57460000 63.64820000 57.99440000
W 97.73000000 63.65240000 58.20980000
W 99.30100000 60.94490000 58.25780000
S 94.47860000 59.99150000 59.47340000
S 96.04730000 62.71650000 59.63930000
S 97.61840000 59.99100000 59.67500000
S 99.18340000 62.71500000 59.86720000
S 94.67790000 65.47650000 56.45770000
S 96.26830000 68.16730000 56.57180000
S 97.85230000 65.48190000 56.67820000
S 99.43750000 68.16870000 56.81320000
W 96.15530000 66.35980000 58.12960000
W 99.30680000 66.36230000 58.36830000
S 94.47630000 65.44440000 59.57730000
S 97.61400000 65.44420000 59.79550000
S 100.85000000 43.74060000 56.13290000
S 102.44800000 46.50070000 56.27530000
W 100.82300000 47.34280000 57.81580000
S 100.76800000 43.64810000 59.25630000
S 102.34300000 46.37450000 59.39700000
S 100.90900000 49.22390000 56.32470000
S 102.50500000 51.97190000 56.52090000
S 104.04300000 49.25520000 56.45770000
S 105.63500000 52.00170000 56.67820000
W 102.40800000 50.07990000 57.99440000
W 100.85000000 52.79900000 58.03630000
W 103.99000000 52.81050000 58.20980000
S 100.76700000 49.10090000 59.44530000
S 102.33800000 51.82120000 59.63930000
S 103.91500000 49.09670000 59.57730000
S 105.48300000 51.81410000 59.79550000
S 100.96000000 54.68420000 56.55760000
S 102.55200000 57.41160000 56.78760000
S 104.09800000 54.70980000 56.75100000
S 105.68300000 57.43380000 57.00620000
W 102.43000000 55.52470000 58.25780000
W 100.86800000 58.23600000 58.27370000
W 104.00600000 58.24320000 58.50210000
W 105.56700000 55.53350000 58.45680000
S 100.76300000 54.54450000 59.67500000
S 102.32800000 57.26210000 59.90310000
S 103.90400000 54.53780000 59.86720000
S 105.46800000 57.25310000 60.12070000
S 100.99600000 60.10690000 56.78760000
S 102.58100000 62.80770000 57.00620000
S 104.13700000 60.12380000 57.03150000
S 105.71400000 62.81970000 57.27020000
W 102.44300000 60.95060000 58.50210000
W 100.87700000 63.65660000 58.45680000
W 104.01400000 63.66010000 58.72360000
W 105.57700000 60.95520000 58.75370000
S 100.75400000 59.98760000 59.90310000
S 102.31600000 62.71100000 60.12070000
S 103.89000000 59.98090000 60.14580000
S 105.45100000 62.70450000 60.38440000
S 101.01400000 65.48800000 56.93170000
S 102.59100000 68.17010000 57.08370000
S 104.15800000 65.49460000 57.20600000
S 105.72500000 68.17140000 57.36670000
W 102.44900000 66.36470000 58.63600000
W 105.58200000 66.36690000 58.91650000
S 100.74700000 65.44270000 60.04700000
S 103.87800000 65.43980000 60.32030000
S 107.22100000 54.73650000 56.93170000
S 108.79900000 57.45580000 57.20600000
W 107.13800000 58.24900000 58.72360000
S 107.04800000 54.52790000 60.04700000
S 108.61200000 57.24140000 60.32030000
S 107.26000000 60.14110000 57.27020000
S 108.82600000 62.83100000 57.51890000
S 110.36600000 60.15670000 57.47970000
S 111.92100000 62.84010000 57.72350000
W 108.70600000 60.95830000 58.98970000
W 107.14400000 63.66270000 58.98970000
W 110.26900000 63.66410000 59.22720000
S 107.02900000 59.97100000 60.38440000
S 108.59300000 62.69600000 60.63450000
S 110.17600000 59.95960000 60.59500000
S 111.74500000 62.68740000 60.84190000
S 107.28000000 65.50100000 57.47970000
S 108.83600000 68.17230000 57.63550000
S 110.38200000 65.50650000 57.72350000
S 72.56800000 -0.00051979 57.85810000
W 108.70800000 66.36840000 59.18380000
W 111.83200000 66.36920000 59.40600000
S 107.01500000 65.43560000 60.59500000
S 110.16200000 65.43070000 60.84190000
S 113.46700000 65.51030000 57.90670000
S 75.64700000 -0.00011979 58.00490000
S 113.32200000 65.42640000 61.02920000
