C 20.16590000 32.61170000 17.22550000
C 23.00570000 32.51660000 17.23600000
C 22.33700000 33.77000000 17.22550000
C 25.17680000 33.67510000 17.25210000
C 24.50810000 34.92850000 17.24120000
C 27.34760000 34.83410000 17.28530000
C 17.91320000 28.99390000 17.27390000
C 20.75260000 28.89900000 17.26850000
C 20.08360000 30.15230000 17.24920000
C 22.92350000 30.05740000 17.26040000
C 22.25450000 31.31060000 17.24130000
C 25.09450000 31.21600000 17.26900000
C 24.42560000 32.46920000 17.24950000
C 27.26540000 32.37500000 17.29470000
C 26.59660000 33.62810000 17.27430000
C 29.43580000 33.53480000 17.33810000
C 28.76720000 34.78790000 17.31700000
C 31.60560000 34.69620000 17.39900000
C 15.66430000 25.37530000 17.37830000
C 18.50190000 25.28150000 17.35540000
C 17.83240000 26.53440000 17.32560000
C 20.67150000 26.44020000 17.32020000
C 20.00200000 27.69300000 17.29100000
C 22.84200000 27.59870000 17.30300000
C 22.17250000 28.85150000 17.27420000
C 25.01280000 28.75740000 17.30350000
C 24.34340000 30.01010000 17.27460000
C 27.18360000 29.91630000 17.32180000
C 26.51430000 31.16900000 17.29200000
C 29.35400000 31.07600000 17.35780000
C 28.68490000 32.32860000 17.32700000
C 31.52390000 32.23720000 17.41050000
C 30.85510000 33.48980000 17.37950000
C 33.69320000 33.40120000 17.47550000
C 33.02470000 34.65370000 17.44700000
C 35.86250000 34.56930000 17.54350000
C 13.42530000 21.75280000 17.52170000
C 16.25790000 21.66220000 17.49180000
C 15.58750000 22.91470000 17.45540000
C 18.42370000 22.82250000 17.43600000
C 17.75330000 24.07480000 17.39680000
C 20.59200000 23.98190000 17.39220000
C 19.92160000 25.23400000 17.35280000
C 22.76180000 25.14080000 17.36500000
C 22.09130000 26.39280000 17.32630000
C 24.93240000 26.29970000 17.35630000
C 24.26180000 27.55150000 17.31780000
C 27.10300000 27.45860000 17.36650000
C 26.43260000 28.71040000 17.32750000
C 29.27340000 28.61810000 17.39530000
C 28.60310000 29.86990000 17.35520000
C 31.44320000 29.77900000 17.44080000
C 30.77330000 31.03080000 17.40020000
C 33.61240000 30.94270000 17.49810000
C 32.94300000 32.19440000 17.45930000
C 35.78140000 32.11050000 17.55770000
C 35.11230000 33.36220000 17.52480000
C 37.95090000 33.28350000 17.60520000
C 37.28180000 34.53490000 17.58380000
C 40.12110000 34.46070000 17.62630000
C 11.20160000 18.12010000 17.62110000
C 14.02730000 18.03480000 17.61620000
C 13.35620000 19.28790000 17.59010000
C 16.18590000 19.20050000 17.57830000
C 15.51450000 20.45280000 17.53990000
C 18.34880000 20.36340000 17.52880000
C 17.67700000 21.61500000 17.48380000
C 20.51520000 21.52430000 17.48120000
C 19.84320000 22.77540000 17.43400000
C 22.68400000 22.68410000 17.44520000
C 22.01170000 23.93490000 17.39810000
C 24.85410000 23.84340000 17.42650000
C 24.18160000 25.09390000 17.37980000
C 27.02460000 25.00250000 17.42730000
C 26.35210000 26.25290000 17.38050000
C 29.19490000 26.16180000 17.44790000
C 28.52260000 27.41220000 17.40050000
C 31.36460000 27.32230000 17.48630000
C 30.69270000 28.57270000 17.43840000
C 33.53360000 28.48530000 17.53710000
C 32.86230000 29.73580000 17.49040000
C 35.70210000 29.65250000 17.59010000
C 35.03140000 30.90320000 17.54830000
C 37.87080000 30.82500000 17.63070000
C 37.20070000 32.07580000 17.59910000
C 40.04040000 32.00200000 17.64400000
C 39.37050000 33.25310000 17.62760000
C 42.21040000 33.18060000 17.62210000
C 41.54090000 34.43210000 17.62290000
C 44.38020000 34.35710000 17.56900000
C 8.98292000 14.48290000 17.58500000
C 11.80840000 14.39770000 17.62530000
C 11.13750000 15.65110000 17.62530000
C 13.96250000 15.56760000 17.65380000
C 13.29080000 16.82050000 17.63610000
C 16.11850000 16.73680000 17.64980000
C 15.44580000 17.98880000 17.61660000
C 18.27850000 17.90350000 17.61990000
C 17.60480000 19.15430000 17.57610000
C 20.44260000 19.06720000 17.57730000
C 19.76810000 20.31700000 17.52840000
C 22.60990000 20.22880000 17.53650000
C 21.93480000 21.47790000 17.48610000
C 24.77930000 21.38900000 17.50820000
C 24.10380000 22.63770000 17.45810000
C 26.94950000 22.54840000 17.49840000
C 26.27380000 23.79690000 17.44870000
C 29.11980000 23.70770000 17.50940000
C 28.44420000 24.95610000 17.45960000
C 31.28950000 24.86770000 17.53980000
C 30.61430000 26.11610000 17.48980000
C 33.45830000 26.02980000 17.58430000
C 32.78380000 27.27850000 17.53520000
C 35.62630000 27.19580000 17.63260000
C 34.95270000 28.44500000 17.58710000
C 37.79390000 28.36730000 17.66930000
C 37.12150000 29.61700000 17.63200000
C 39.96190000 29.54370000 17.67850000
C 39.29060000 30.79410000 17.65410000
C 42.13060000 30.72200000 17.65080000
C 41.46020000 31.97320000 17.64180000
C 44.29950000 31.89820000 17.58960000
C 43.63000000 33.15020000 17.59500000
C 46.46830000 33.07000000 17.50940000
C 45.79930000 34.32270000 17.52510000
C 48.63720000 34.23710000 17.42730000
C 6.75108000 10.85540000 17.44870000
C 9.58366000 10.76500000 17.50820000
C 8.91358000 12.01780000 17.52490000
C 11.74280000 11.93070000 17.58980000
C 11.07200000 13.18350000 17.59630000
C 13.89910000 13.09990000 17.65510000
C 13.22710000 14.35250000 17.64790000
C 16.05480000 14.27130000 17.69010000
C 15.38120000 15.52290000 17.66820000
C 18.21290000 15.44190000 17.69030000
C 17.53740000 16.69220000 17.65630000
C 20.37500000 16.60970000 17.66350000
C 19.69770000 17.85850000 17.62200000
C 22.54080000 17.77430000 17.62490000
C 21.86220000 19.02190000 17.58020000
C 24.70920000 18.93630000 17.58980000
C 24.02990000 20.18310000 17.54470000
C 26.87900000 20.09650000 17.56930000
C 26.19930000 21.34290000 17.52490000
C 29.04920000 21.25580000 17.56900000
C 28.36940000 22.50210000 17.52510000
C 31.21900000 22.41530000 17.58960000
C 30.53950000 23.66160000 17.54620000
C 33.38780000 23.57650000 17.62720000
C 32.70900000 24.82300000 17.58440000
C 35.55540000 24.74100000 17.67180000
C 34.87770000 25.98820000 17.63140000
C 37.72180000 25.91070000 17.70810000
C 37.04580000 27.15890000 17.67320000
C 39.88770000 27.08580000 17.71860000
C 39.21370000 28.33510000 17.69290000
C 42.05390000 28.26340000 17.69140000
C 41.38180000 29.51400000 17.67730000
C 44.22060000 29.43940000 17.62720000
C 43.55010000 30.69110000 17.62460000
C 46.38800000 30.61100000 17.53980000
C 45.71850000 31.86360000 17.54620000
C 48.55610000 31.77790000 17.44790000
C 47.88720000 33.03090000 17.45960000
C 50.72510000 32.94110000 17.36650000
C 50.05630000 34.19440000 17.38050000
C 52.89490000 34.10190000 17.30350000
C 4.50549000 7.23558000 17.31780000
C 7.34320000 7.14188000 17.36500000
C 6.67395000 8.39490000 17.37980000
C 9.50968000 8.30282000 17.44520000
C 8.84000000 9.55563000 17.45810000
C 11.67310000 9.46638000 17.53650000
C 11.00270000 10.71890000 17.54470000
C 13.83330000 10.63380000 17.62490000
C 13.16170000 11.88600000 17.62540000
C 15.99150000 11.80520000 17.69230000
C 15.31800000 13.05660000 17.68330000
C 18.15010000 12.97860000 17.72510000
C 17.47400000 14.22870000 17.70670000
C 20.31150000 14.15090000 17.72140000
C 19.63240000 15.39920000 17.69610000
C 22.47620000 15.31950000 17.69230000
C 21.79490000 16.56620000 17.66350000
C 24.64370000 16.48430000 17.65510000
C 23.96100000 17.72980000 17.62540000
C 26.81300000 17.64600000 17.62530000
C 26.12960000 18.89080000 17.59630000
C 28.98300000 18.80580000 17.61300000
C 28.29940000 20.05030000 17.58500000
C 31.15300000 19.96500000 17.62210000
C 30.46950000 21.20950000 17.59500000
C 33.32210000 21.12520000 17.65080000
C 32.63910000 22.36990000 17.62460000
C 35.48970000 22.28800000 17.69140000
C 34.80770000 23.53340000 17.66660000
C 37.65530000 23.45530000 17.72980000
C 36.97530000 24.70180000 17.70770000
C 39.81900000 24.62800000 17.74770000
C 39.14180000 25.87610000 17.73020000
C 41.98200000 25.80430000 17.72980000
C 41.30760000 27.05410000 17.71830000
C 44.14540000 26.98000000 17.67180000
C 43.47330000 28.23130000 17.66660000
C 46.31000000 28.15170000 17.58430000
C 45.63960000 29.40400000 17.58440000
C 48.47620000 29.31870000 17.48630000
C 47.80680000 30.57160000 17.48980000
C 50.64400000 30.48180000 17.39530000
C 49.97500000 31.73500000 17.40050000
C 52.81320000 31.64250000 17.32180000
C 52.14440000 32.89590000 17.32750000
C 54.98330000 32.80190000 17.26900000
C 54.31450000 34.05540000 17.27460000
C 57.15400000 33.96050000 17.23600000
C 2.25362000 3.61767000 17.24130000
C 5.09310000 3.52281000 17.26850000
C 4.42433000 4.77621000 17.27420000
C 7.26310000 4.68198000 17.32020000
C 6.59422000 5.93524000 17.32630000
C 9.43180000 5.84223000 17.39220000
C 8.76267000 7.09524000 17.39810000
C 11.59850000 7.00450000 17.48120000
C 10.92890000 8.25715000 17.48610000
C 13.76270000 8.17019000 17.57730000
C 13.09220000 9.42232000 17.58020000
C 15.92480000 9.34045000 17.66350000
C 15.25250000 10.59180000 17.66350000
C 18.08600000 10.51480000 17.72140000
C 17.41100000 11.76510000 17.71820000
C 20.24840000 11.69040000 17.74070000
C 19.57000000 12.93900000 17.73490000
C 22.41310000 12.86340000 17.72510000
C 21.73170000 14.11030000 17.71820000
C 24.58020000 14.03170000 17.69010000
C 23.89670000 15.27710000 17.68330000
C 26.74900000 15.19550000 17.65380000
C 26.06440000 16.44000000 17.64790000
C 28.91890000 16.35620000 17.63000000
C 28.23380000 17.60030000 17.62530000
C 31.08910000 17.51550000 17.62630000
C 30.40390000 18.75940000 17.62290000
C 33.25870000 18.67500000 17.64400000
C 32.57370000 19.91900000 17.64180000
C 35.42680000 19.83620000 17.67850000
C 34.74270000 21.08070000 17.67730000
C 37.59260000 21.00080000 17.71860000
C 36.91000000 22.24630000 17.71830000
C 39.75540000 22.17030000 17.74770000
C 39.07550000 23.41740000 17.74780000
C 41.91570000 23.34410000 17.74770000
C 41.23910000 24.59320000 17.74780000
C 44.07520000 24.51900000 17.70810000
C 43.40150000 25.76990000 17.70770000
C 46.23590000 25.69120000 17.63260000
C 45.56430000 26.94330000 17.63140000
C 48.39890000 26.85880000 17.53710000
C 47.72870000 28.11150000 17.53520000
C 50.56450000 28.02220000 17.44080000
C 49.89500000 29.27540000 17.43840000
C 52.73230000 29.18300000 17.35780000
C 52.06320000 30.43640000 17.35520000
C 54.90160000 30.34240000 17.29470000
C 54.23270000 31.59580000 17.29200000
C 57.07180000 31.50110000 17.25210000
C 56.40300000 32.75460000 17.24950000
C 59.24260000 32.65940000 17.22800000
C 58.57390000 33.91290000 17.22550000
C 20.91710000 33.81760000 17.22030000
C 40.49670000 0.00000000 17.21780000
C 23.08820000 34.97590000 17.22800000
C 2.17121000 1.15829000 17.22550000
C 5.01090000 1.06332000 17.25190000
C 4.34226000 2.31681000 17.24920000
C 7.18150000 2.22239000 17.29370000
C 6.51286000 3.47579000 17.29100000
C 9.35133000 3.38239000 17.35540000
C 8.68264000 4.63561000 17.35280000
C 11.52000000 4.54410000 17.43600000
C 10.85110000 5.79699000 17.43400000
C 13.68710000 5.70878000 17.52880000
C 13.01760000 6.96115000 17.52840000
C 15.85260000 6.87787000 17.61990000
C 15.18190000 8.12950000 17.62200000
C 18.01720000 8.05192000 17.69030000
C 17.34440000 9.30259000 17.69610000
C 20.18180000 9.22915000 17.72510000
C 19.50620000 10.47860000 17.73490000
C 22.34760000 10.40550000 17.72140000
C 21.66890000 11.65350000 17.73490000
C 24.51500000 11.57740000 17.69030000
C 23.83380000 12.82390000 17.70670000
C 26.68360000 12.74370000 17.64980000
C 26.00100000 13.98920000 17.66820000
C 28.85330000 13.90580000 17.61620000
C 28.17000000 15.15070000 17.63610000
C 31.02360000 15.06560000 17.60000000
C 30.34000000 16.31020000 17.62110000
C 33.19370000 16.22470000 17.60520000
C 32.51010000 17.46930000 17.62760000
C 35.36280000 17.38460000 17.63070000
C 34.67970000 18.62960000 17.65410000
C 37.52970000 18.54680000 17.66930000
C 36.84760000 19.79250000 17.69290000
C 39.69320000 19.71260000 17.70810000
C 39.01310000 20.95970000 17.73020000
C 41.85290000 20.88280000 17.72980000
C 41.17560000 22.13170000 17.74780000
C 44.00980000 22.05570000 17.71860000
C 43.33520000 23.30650000 17.73020000
C 46.16660000 23.22820000 17.66930000
C 45.49410000 24.48030000 17.67320000
C 48.32550000 24.39720000 17.59010000
C 47.65440000 25.64990000 17.58710000
C 50.48770000 25.56190000 17.49810000
C 49.81760000 26.81490000 17.49040000
C 52.65300000 26.72330000 17.41050000
C 51.98350000 27.97650000 17.40020000
C 54.82080000 27.88280000 17.33810000
C 54.15170000 29.13620000 17.32700000
C 56.99020000 29.04160000 17.28530000
C 56.32120000 30.29500000 17.27430000
C 18.66380000 30.20000000 17.25190000
C 58.49170000 31.45340000 17.24120000
C 20.83460000 31.35820000 17.23590000
C 6.43068000 1.01634000 17.27390000
C 9.26956000 0.92287100 17.33720000
C 8.60107000 2.17614000 17.32560000
C 11.43910000 2.08441000 17.40760000
C 10.77060000 3.33744000 17.39680000
C 13.60780000 3.24869000 17.49180000
C 12.93910000 4.50129000 17.48380000
C 15.77560000 4.41713000 17.57830000
C 15.10620000 5.66907000 17.57610000
C 17.94290000 5.59064000 17.64980000
C 17.27220000 6.84177000 17.65630000
C 20.11000000 6.76825000 17.69010000
C 19.43730000 8.01854000 17.70670000
C 22.27740000 7.94646000 17.69230000
C 21.60240000 9.19586000 17.71820000
C 24.44530000 9.12103000 17.66350000
C 23.76820000 10.36940000 17.69610000
C 26.61400000 10.28980000 17.61990000
C 25.93550000 11.53720000 17.65630000
C 28.78360000 11.45350000 17.57830000
C 28.10420000 12.70030000 17.61660000
C 30.95380000 12.61400000 17.55070000
C 30.27400000 13.86050000 17.59010000
C 33.12430000 13.77310000 17.54350000
C 32.44440000 15.01950000 17.58380000
C 35.29420000 14.93230000 17.55770000
C 34.61460000 16.17880000 17.59910000
C 37.46260000 16.09270000 17.59010000
C 36.78360000 17.33960000 17.63200000
C 39.62800000 17.25530000 17.63260000
C 38.95020000 18.50320000 17.67320000
C 41.78940000 18.42140000 17.67180000
C 41.11340000 19.67060000 17.70770000
C 43.94660000 19.59100000 17.69140000
C 43.27250000 20.84190000 17.71830000
C 46.10140000 20.76240000 17.67850000
C 45.42880000 22.01470000 17.69290000
C 48.25650000 21.93270000 17.63070000
C 47.58510000 23.18570000 17.63200000
C 50.41460000 23.09950000 17.55770000
C 49.74390000 24.35270000 17.54830000
C 52.57640000 24.26260000 17.47550000
C 51.90640000 25.51570000 17.45930000
C 54.74170000 25.42300000 17.39900000
C 54.07220000 26.67620000 17.37950000
C 16.41280000 26.58210000 17.33720000
C 56.24030000 27.83530000 17.31700000
C 18.58230000 27.74060000 17.29370000
C 10.68890000 0.87800000 17.37830000
C 13.52650000 0.78919200 17.47320000
C 12.85820000 2.04185000 17.45540000
C 15.69550000 1.95740000 17.55070000
C 15.02690000 3.20954000 17.53990000
C 17.86450000 3.13057000 17.61620000
C 17.19500000 4.38208000 17.61660000
C 20.03350000 4.30809000 17.65380000
C 19.36290000 5.55903000 17.66820000
C 22.20230000 5.48698000 17.65510000
C 21.53040000 6.73747000 17.68330000
C 24.37090000 6.66311000 17.62490000
C 23.69770000 7.91313000 17.66350000
C 26.53980000 7.83379000 17.57730000
C 25.86540000 9.08320000 17.62200000
C 28.70920000 8.99897000 17.52880000
C 28.03400000 10.24780000 17.57610000
C 30.87940000 10.16030000 17.49180000
C 30.20370000 11.40890000 17.53990000
C 33.05000000 11.31970000 17.47320000
C 32.37420000 12.56810000 17.52170000
C 35.22050000 12.47860000 17.47550000
C 34.54480000 13.72700000 17.52480000
C 37.39010000 13.63780000 17.49810000
C 36.71480000 14.88650000 17.54830000
C 39.55760000 14.79830000 17.53710000
C 38.88300000 16.04750000 17.58710000
C 41.72180000 15.96090000 17.58430000
C 41.04820000 17.21090000 17.63140000
C 43.88170000 17.12650000 17.62720000
C 43.20910000 18.37770000 17.66660000
C 46.03740000 18.29520000 17.65080000
C 45.36570000 19.54770000 17.67730000
C 48.19110000 19.46540000 17.64400000
C 47.51990000 20.71870000 17.65410000
C 50.34560000 20.63420000 17.60520000
C 49.67490000 21.88770000 17.59910000
C 52.50340000 21.79990000 17.54350000
C 51.83310000 23.05320000 17.52480000
C 14.16850000 22.96230000 17.47320000
C 53.99530000 24.21530000 17.44700000
C 16.33400000 24.12240000 17.40760000
C 14.94560000 0.75024500 17.52170000
C 17.78370000 0.67120400 17.60000000
C 17.11480000 1.92286000 17.59010000
C 19.95380000 1.84855000 17.63000000
C 19.28430000 3.09989000 17.63610000
C 22.12370000 3.02751000 17.62530000
C 21.45360000 4.27873000 17.64790000
C 24.29300000 4.20425000 17.58980000
C 23.62230000 5.45542000 17.62540000
C 26.46200000 5.37602000 17.53650000
C 25.79070000 6.62700000 17.58020000
C 28.63140000 6.54235000 17.48120000
C 27.95940000 7.79301000 17.52840000
C 30.80140000 7.70454000 17.43600000
C 30.12890000 8.95493000 17.48380000
C 32.97200000 8.86435000 17.40760000
C 32.29930000 10.11460000 17.45540000
C 35.14280000 10.02320000 17.39900000
C 34.47010000 11.27340000 17.44700000
C 37.31320000 11.18190000 17.41050000
C 36.64070000 12.43220000 17.45930000
C 39.48240000 12.34110000 17.44080000
C 38.81030000 13.59160000 17.49040000
C 41.64930000 13.50140000 17.48630000
C 40.97770000 14.75230000 17.53520000
C 43.81270000 14.66370000 17.53980000
C 43.14150000 15.91530000 17.58440000
C 45.97160000 15.82880000 17.58960000
C 45.30090000 17.08130000 17.62460000
C 48.12670000 16.99680000 17.62210000
C 47.45620000 18.25020000 17.64180000
C 50.28000000 18.16610000 17.62630000
C 49.60950000 19.41990000 17.62760000
C 11.93780000 19.33440000 17.60000000
C 51.76390000 20.58800000 17.58380000
C 14.09580000 20.49980000 17.55070000
C 19.20350000 0.64088400 17.62110000
C 22.04310000 0.56827300 17.61300000
C 21.37370000 1.81985000 17.62530000
C 24.21290000 1.74503000 17.56930000
C 23.54350000 2.99688000 17.59630000
C 26.38210000 2.91720000 17.50820000
C 25.71250000 4.16917000 17.54470000
C 28.55140000 4.08421000 17.44520000
C 27.88140000 5.33612000 17.48610000
C 30.72130000 5.24706000 17.39220000
C 30.05080000 6.49881000 17.43400000
C 32.89180000 6.40729000 17.35540000
C 32.22110000 7.65893000 17.39680000
C 35.06270000 7.56624000 17.33720000
C 34.39190000 8.81784000 17.37830000
C 37.23360000 8.72475000 17.33810000
C 36.56280000 9.97639000 17.37950000
C 39.40380000 9.88335000 17.35780000
C 38.73330000 11.13510000 17.40020000
C 41.57270000 11.04250000 17.39530000
C 40.90240000 12.29430000 17.43840000
C 43.73920000 12.20260000 17.44790000
C 43.06910000 13.45470000 17.48980000
C 45.90210000 13.36470000 17.50940000
C 45.23210000 14.61720000 17.54620000
C 48.06070000 14.52950000 17.56900000
C 47.39070000 15.78260000 17.59500000
C 9.71894000 15.69710000 17.61300000
C 49.54530000 16.95080000 17.62290000
C 11.87230000 16.86640000 17.63000000
C 23.46270000 0.53800600 17.58500000
C 26.30110000 0.45799800 17.49840000
C 25.63220000 1.71048000 17.52490000
C 28.47030000 1.62522000 17.42650000
C 27.80130000 2.87785000 17.45810000
C 30.64010000 2.78846000 17.36500000
C 29.97070000 4.04107000 17.39810000
C 32.81040000 3.94904000 17.32020000
C 32.14080000 5.20159000 17.35280000
C 34.98130000 5.10816000 17.29370000
C 34.31160000 6.36068000 17.32560000
C 37.15240000 6.26666000 17.28530000
C 36.48260000 7.51918000 17.31700000
C 39.32320000 7.42502000 17.29470000
C 38.65360000 8.67756000 17.32700000
C 41.49330000 8.58356000 17.32180000
C 40.82380000 9.83612000 17.35520000
C 43.66200000 9.74261000 17.36650000
C 42.99250000 10.99520000 17.40050000
C 45.82830000 10.90270000 17.42730000
C 45.15870000 12.15540000 17.45960000
C 7.49444000 12.06480000 17.49840000
C 47.32130000 13.31760000 17.52510000
C 9.65314000 13.22970000 17.56930000
C 27.72010000 0.41891700 17.44870000
C 30.55840000 0.32928500 17.35630000
C 29.88950000 1.58236000 17.37980000
C 32.72860000 1.49006000 17.30300000
C 32.05950000 2.74314000 17.32630000
C 34.89930000 2.64935000 17.26850000
C 34.23020000 3.90241000 17.29100000
C 37.07040000 3.80791000 17.25190000
C 36.40120000 5.06096000 17.27390000
C 39.24150000 4.96619000 17.25210000
C 38.57230000 6.21925000 17.27430000
C 41.41230000 6.12450000 17.26900000
C 40.74320000 7.37754000 17.29200000
C 43.58240000 7.28307000 17.30350000
C 42.91320000 8.53607000 17.32750000
C 5.25434000 8.44222000 17.35630000
C 45.08180000 9.69513000 17.38050000
C 7.42067000 9.60253000 17.42650000
C 31.97780000 0.28407700 17.31780000
C 34.81710000 0.19011800 17.26040000
C 34.14820000 1.44348000 17.27420000
C 36.98810000 1.34874000 17.23590000
C 36.31920000 2.60210000 17.24920000
C 39.15930000 2.50703000 17.22800000
C 38.49030000 3.76039000 17.24120000
C 41.33040000 3.66526000 17.23600000
C 40.66150000 4.91860000 17.24950000
C 3.00446000 4.82364000 17.26040000
C 42.83230000 6.07693000 17.27460000
C 5.17451000 5.98239000 17.30300000
C 36.23690000 0.14285900 17.24130000
C 39.07680000 0.04766680 17.22030000
C 38.40800000 1.30118000 17.22550000
C 0.75125800 1.20588000 17.22030000
C 40.57920000 2.45939000 17.22550000
C 2.92236000 2.36420000 17.23590000
