Mo 3.56614000 4.12135000 6.06236000
S 7.14636000 3.43853000 4.50889000
S 7.14764000 3.43766000 7.62255000
Mo 6.54593000 5.15353000 6.06479000
S 10.11720000 4.46966000 4.50889000
S 10.11730000 4.47121000 7.62255000
Mo 9.52424000 6.18941000 6.06479000
S 4.76111000 5.49523000 4.50609000
S 4.74954000 5.49476000 7.61205000
Mo 8.33412000 0.00000000 6.05724000
S 7.73880000 6.52692000 4.50889000
S 7.73740000 6.52625000 7.62255000
Mo 2.98186000 1.02769000 6.06236000
S 6.54551000 0.34669800 4.50609000
S 6.55089000 0.35695600 7.61205000
Mo 5.95318000 2.06852000 6.06236000
S 1.19455000 1.37563000 4.50609000
S 1.20075000 1.36584000 7.61205000
Mo 8.93218000 3.09218000 6.06479000
S 4.16706000 2.40585000 4.50712000
S 4.16706000 2.40585000 7.62229000
