S 0.00000000 0.00000000 57.08140000
S 1.54596634 2.67787767 57.05850000
S 3.09209326 0.00000000 57.05850000
S 4.63956787 2.67865212 57.01380000
W 1.55778063 0.89938325 58.63790000
W 78.72000000 3.59817656 58.61490000
W 3.11545736 3.59813838 58.59240000
W 4.67379533 0.89899602 58.59240000
S 0.00000000 0.00000000 60.20690000
S 1.56907223 2.71852545 60.18370000
S 4.70714112 2.71766374 60.13850000
S 3.09348818 5.35887497 56.99230000
S 83.36457446 8.04654781 56.88920000
W 80.27769562 6.29803337 58.54860000
W 81.83642089 9.00092255 58.44610000
W 4.67407872 6.29863330 58.50600000
S 81.85733837 5.43568198 60.11680000
S 4.70556672 8.15137141 60.01280000
W 83.39744794 11.70904745 58.31750000
S 7.73855386 2.68017921 56.92850000
S 10.84736410 2.68246439 56.81100000
W 7.79183155 0.89854335 58.50600000
W 6.23241984 3.59829109 58.52660000
W 9.35253427 3.59891829 58.42390000
W 10.91421312 0.89802523 58.38740000
S 7.84438502 2.71722743 60.05230000
S 10.98008602 2.71726015 59.93410000
S 6.19038336 5.36170553 56.92850000
S 7.74677222 8.05287431 56.81100000
S 9.29481677 5.36635769 56.82850000
S 10.85825894 8.06187322 56.70310000
W 7.79302810 6.30005131 58.42390000
W 6.23481293 9.00294048 58.38740000
W 9.35650176 9.00626735 58.29530000
W 10.91597645 6.30234194 58.31090000
S 6.27536947 5.43482027 60.05230000
S 7.84325146 8.15038972 59.93410000
S 9.41229850 5.43418216 59.95170000
S 10.97920435 8.14924440 59.82600000
S 84.92146714 10.74452849 56.75970000
S 86.48588544 13.45570756 56.61750000
S 9.31056077 10.75559987 56.67410000
S 10.88256768 13.47190559 56.53220000
W 7.79863296 11.71319240 58.24920000
W 84.96170880 14.42398970 58.17620000
W 9.36648346 14.43086159 58.10600000
W 10.92387994 11.71902805 58.15490000
S 6.27351168 10.86685905 59.88270000
S 86.56088986 13.58300116 59.74050000
S 9.41028326 10.86555012 59.79690000
S 10.97791334 13.58234669 59.65530000
S 88.05833318 16.18095765 56.47710000
S 89.63802317 18.91886075 56.35020000
W 86.53009459 17.14667646 58.03680000
W 88.10332954 19.87759859 57.91090000
W 10.93924608 17.15665707 57.97130000
S 88.12914970 16.30099759 59.60060000
S 89.70046387 19.02302988 59.47430000
W 89.68150810 22.61653792 57.80480000
S 13.96990310 2.68540403 56.67410000
S 17.10831206 2.68863273 56.53220000
W 14.04323866 0.89720715 58.24920000
W 12.47790720 3.59983999 58.29530000
W 15.61093171 3.60083805 58.15490000
W 17.18070298 0.89617637 58.10600000
S 14.11499981 2.71678021 59.79690000
S 17.25161395 2.71597849 59.65530000
S 12.41093222 5.37258057 56.70310000
S 13.98243533 8.07278098 56.57780000
S 15.54172109 5.37976879 56.56630000
S 17.12103322 8.08428867 56.44780000
W 14.04519091 6.30528704 58.17990000
W 12.48313421 9.01084861 58.17990000
W 15.61704038 9.01652065 58.05380000
W 17.18303309 6.30877752 58.04450000
S 12.54708634 5.43363677 59.82600000
S 14.11424410 8.14886263 59.70070000
S 15.68240947 5.43315138 59.68930000
S 17.25208627 8.14968071 59.57090000
S 12.42985651 10.76961635 56.56630000
S 14.00926310 13.49066694 56.43120000
S 15.56171597 10.78510537 56.44780000
S 17.14751462 13.50997369 56.32370000
W 14.05507814 11.72655441 58.04450000
W 12.49617024 14.43980596 58.01670000
W 15.63221760 14.45055010 57.91610000
W 17.19399091 11.73528062 57.92850000
S 12.54645658 10.86478658 59.68930000
S 14.11635379 13.58343747 59.55450000
S 15.68388941 10.86593189 59.57090000
S 17.25702989 13.58676434 59.44720000
S 12.46213171 16.20173694 56.39830000
S 14.04780442 18.94302144 56.28120000
S 15.59503027 16.22415239 56.30790000
S 17.18552064 18.96794568 56.20330000
W 14.07362458 17.16887376 57.89120000
W 12.51710976 19.89074244 57.85390000
W 15.65564467 19.90557700 57.78510000
W 17.21395430 17.18229031 57.80290000
S 12.54844032 16.30247013 59.52190000
S 14.12284032 19.02728391 59.40540000
S 15.68999808 16.30612423 59.43180000
S 17.26698010 19.03317410 59.32770000
S 91.22344397 21.66663536 56.24320000
S 92.81308416 24.42155457 56.15820000
S 15.63794842 21.69308669 56.18550000
S 17.23111526 24.44931483 56.11220000
W 14.09935027 22.63219056 57.75790000
W 91.26387456 25.36202191 57.72040000
W 15.68486554 25.37947433 57.68440000
W 17.24115994 22.64898852 57.70120000
S 91.27568256 21.75144322 59.36770000
S 92.85405005 24.48640122 59.28320000
S 15.70051507 21.75793334 59.31010000
S 17.28092928 24.49469112 59.23720000
S 94.40568422 27.18121865 56.09560000
S 96.00020506 29.94382783 56.05490000
W 92.84932685 28.11197808 57.65800000
W 94.43726669 30.86487935 57.61750000
W 17.27289984 28.13079397 57.63290000
S 94.43490509 27.22621317 59.22090000
S 96.01837363 29.96935199 59.18030000
W 96.02712730 33.61974401 57.59780000
S 20.26218163 2.69167599 56.39830000
S 23.42905574 2.69425023 56.28120000
W 20.32773965 0.89532011 57.97130000
W 18.75333965 3.60208154 58.01670000
W 21.90547738 3.60369043 57.89120000
W 23.48441165 0.89476381 57.85390000
S 20.39257344 2.71602212 59.52190000
S 23.53954714 2.71708563 59.40540000
S 18.68787610 5.38703881 56.43120000
S 20.27370624 8.09519643 56.32370000
S 21.84804326 5.39361619 56.30790000
S 23.43865958 8.10468619 56.21370000
W 20.33063654 6.31259524 57.91610000
W 18.76004659 9.02279261 57.92850000
W 21.91218432 9.02911912 57.81290000
W 23.48727706 6.31657657 57.80290000
S 18.82176307 5.43340771 59.55450000
S 20.39502950 8.15164411 59.44720000
S 21.96650112 5.43487481 59.43180000
S 23.54297933 8.15442559 59.33780000
S 18.70683187 10.80037624 56.32900000
S 20.29757414 13.52808057 56.21850000
S 21.86441702 10.81417456 56.21850000
S 23.45859149 13.54384229 56.12280000
W 20.34149990 11.74417045 57.81620000
W 18.77553869 14.46194872 57.81290000
W 21.92660582 14.47291102 57.71510000
W 23.49722726 11.75251488 57.71510000
S 18.82510080 10.86865883 59.45230000
S 20.40113818 13.59140014 59.34240000
S 21.97106688 10.87220386 59.34240000
S 23.54993818 13.59658133 59.24700000
S 18.73819392 16.24613154 56.21370000
S 20.33221094 18.99145191 56.12280000
S 21.89174861 16.26598367 56.12300000
S 23.48790682 19.01223120 56.04590000
W 20.36077056 17.19581594 57.71370000
W 18.79934362 19.92106603 57.70990000
W 21.94893082 19.93611874 57.63450000
W 23.51467162 17.20841440 57.63020000
S 18.83341363 16.31163265 59.33780000
S 20.41282022 19.04064592 59.24740000
S 21.98016691 16.31806824 59.24730000
S 23.56253338 19.04915398 59.17050000
S 18.77919130 21.71942894 56.12030000
S 20.37471974 24.47631154 56.05940000
S 21.92811725 21.74369871 56.05300000
S 23.52484224 24.50085401 56.00390000
W 20.38756685 22.66595009 57.63880000
W 18.82932019 25.39769029 57.63950000
W 21.97777382 25.41574264 57.58890000
W 23.53923226 22.68214812 57.57590000
S 18.84689050 21.76578693 59.24510000
S 20.42985523 24.50445357 59.18430000
S 21.99547008 21.77522215 59.17780000
S 23.58073344 24.51552495 59.12870000
S 18.82613990 27.20968791 56.06100000
S 20.42207770 29.97256978 56.03070000
S 21.97103539 27.23690278 56.01930000
S 23.56741402 29.99973011 55.99920000
W 20.41940122 28.14999164 57.59910000
W 18.86285491 30.88467694 57.60270000
W 22.01039539 30.90441999 57.57900000
W 23.56892544 28.16864391 57.55910000
S 18.86417741 27.23630285 59.18620000
S 20.44966118 29.98080514 59.15600000
S 22.01524454 27.24759239 59.14440000
S 23.60120064 29.99247645 59.12450000
S 97.59582797 32.70801863 56.03500000
S 99.19195469 35.47259120 56.03500000
S 22.01820442 32.73681512 56.02080000
S 23.61401626 35.50122408 56.03070000
W 20.45372314 33.64003245 57.59290000
W 97.61802701 36.37526314 57.59780000
W 22.04452838 36.39549705 57.60270000
W 23.60116915 33.65977550 57.57900000
S 97.60398336 32.71499960 59.16040000
S 99.18997094 35.46201067 59.16040000
S 22.03564877 32.72672544 59.14610000
S 23.62072320 35.47319113 59.15600000
S 100.78798694 38.23650931 56.05490000
S 102.38323200 40.99873672 56.09560000
W 99.20889523 39.12952788 57.61750000
W 100.79900774 41.88117476 57.65800000
W 23.63448346 39.14932547 57.63290000
S 100.77498240 38.20804005 59.18030000
S 102.35882880 40.95090618 59.22090000
W 102.38779776 44.62922207 57.72040000
S 26.60575411 2.69632270 56.18550000
S 29.78928538 2.69793705 56.11220000
W 26.64974285 0.89428387 57.75790000
W 25.06655770 3.60540295 57.78510000
W 28.23516365 3.60679369 57.70120000
W 29.82171802 0.89374394 57.68440000
S 26.69319629 2.71807823 59.31010000
S 29.85348941 2.71837274 59.23720000
S 25.01948314 5.39913552 56.20330000
S 26.61318528 8.11248524 56.12280000
S 28.19914138 5.40355316 56.12030000
S 29.79466982 8.11848451 56.05300000
W 26.65182106 6.32017613 57.70990000
W 25.07238298 9.03506385 57.71370000
W 28.23966643 9.04029957 57.63450000
W 29.82307200 6.32317577 57.63880000
S 25.11671808 5.43704000 59.32770000
S 26.69609318 8.15769792 59.24740000
S 28.27313818 5.43899249 59.24510000
S 29.85566208 8.16102478 59.17780000
S 25.03264512 10.82579133 56.12300000
S 26.62874035 13.55665891 56.04150000
S 28.20902861 10.83500839 56.04590000
S 29.80587955 13.56653044 55.97730000
W 26.66025984 11.76009578 57.63020000
W 25.08516710 14.48294616 57.62850000
W 28.25030938 14.49172691 57.55700000
W 29.82959002 11.76653136 57.56400000
S 25.12194509 10.87634881 59.24730000
S 26.70399667 13.60241698 59.16590000
S 28.27830221 10.88120276 59.17050000
S 29.86303027 13.60868894 59.10190000
S 25.05481267 16.28283616 56.04150000
S 26.65191552 19.02941093 55.97730000
S 28.22578022 16.29614363 55.97310000
S 29.82282010 19.04260932 55.92040000
W 26.67534259 17.21964940 57.55700000
W 25.10494157 19.94991706 57.56400000
W 28.26662016 19.96169744 57.50260000
W 29.84149248 17.22897554 57.49730000
S 25.13205274 16.32510374 59.16590000
S 26.71696973 19.05782565 59.10190000
S 28.28878771 16.33252102 59.09770000
S 29.87452339 19.06573378 59.04520000
S 25.08491520 21.76469616 55.98860000
S 26.68182912 24.52163330 55.95040000
S 28.24895539 21.78171227 55.93120000
S 29.84511360 24.53810402 55.90350000
W 26.69625062 22.69654636 57.51690000
W 25.13050982 25.43254060 57.53700000
W 28.28740224 25.44682977 57.48850000
W 29.85780326 22.70827221 57.46620000
S 25.14760781 21.78536637 59.11330000
S 26.73353242 24.52626910 59.07520000
S 28.30279987 21.79463797 59.05600000
S 29.88809472 24.53526800 59.02840000
S 25.12150426 27.26128163 55.97440000
S 26.71734758 30.02372719 55.96450000
S 28.27786138 27.28162461 55.93120000
S 29.87231923 30.04336117 55.93120000
W 26.72150400 28.18538733 57.51740000
W 25.15979366 30.92301773 57.54910000
W 28.31152205 30.93932483 57.51740000
W 29.87751475 28.19924019 57.47900000
S 25.16668954 27.25920916 59.09940000
S 26.75188992 30.00382052 59.08960000
S 28.31879578 27.26968061 59.05620000
S 29.90317747 30.01391021 59.05620000
S 25.16316288 32.76370276 55.99920000
S 26.75768371 35.52756633 56.01930000
S 28.31180544 32.78704537 55.97440000
S 29.90409062 35.54998178 56.00390000
W 26.74971725 33.67793693 57.55910000
W 25.19106125 36.41480379 57.59910000
W 28.33819238 36.43231075 57.58890000
W 29.90002867 33.69358957 57.53700000
S 25.18633805 32.73801498 59.12450000
S 26.77049933 35.48398982 59.14440000
S 28.33617715 32.74892274 59.09940000
S 29.91926784 35.49424311 59.12870000
S 25.20882048 38.26476042 56.06100000
S 26.80182989 41.02627882 56.11220000
S 28.35025229 38.29033912 56.05940000
S 29.94004992 41.05054859 56.12030000
W 26.77963085 39.16797775 57.63950000
W 25.22314752 41.90026334 57.68440000
W 28.36599629 41.91771576 57.70120000
W 29.92449485 39.18439393 57.63880000
S 25.20475853 38.21851150 59.18620000
S 26.78743987 40.96045047 59.23720000
S 28.35343258 38.22849211 59.18430000
S 29.93372083 40.96874037 59.24510000
S 103.97687117 43.75774633 56.15820000
S 105.56783386 46.51190199 56.24320000
S 28.39219430 43.78408858 56.18550000
S 29.97874867 46.53622631 56.28120000
W 26.80960742 44.64705626 57.75790000
W 103.97425766 47.37230635 57.80480000
W 28.39266662 47.38801353 57.85390000
W 29.94908698 44.66254529 57.78510000
S 103.94119526 43.68990005 59.28320000
S 105.52053888 46.42425812 59.36770000
S 28.36731878 43.69748094 59.31010000
S 29.94329318 46.42916661 59.40540000
S 107.15479757 49.25880399 56.35020000
S 108.73606195 51.99577993 56.47710000
W 105.55719091 50.10851874 57.91090000
W 107.13562138 52.83644123 58.03680000
W 29.97150643 50.12155352 57.97130000
S 107.09578906 49.15261692 59.47430000
S 108.66748109 51.87448560 59.60060000
W 108.70929715 55.55596474 58.17620000
S 32.97738240 2.69907691 56.06100000
S 36.16806144 2.69973683 56.03070000
W 32.99847936 0.89338943 57.63290000
W 31.40972083 3.60782993 57.63950000
W 34.58830848 3.60871346 57.59910000
W 36.17845248 0.89336762 57.60270000
S 33.01957632 2.71869998 59.18620000
S 36.18884352 2.71954533 59.15600000
S 31.38446746 5.40685822 56.05940000
S 32.98084608 8.12268400 56.00390000
S 34.57350912 5.40902886 56.01930000
S 36.16963584 8.12519278 55.97440000
W 32.99942400 6.32546640 57.58890000
W 31.41296410 9.04449906 57.57590000
W 34.59051264 9.04738962 57.53700000
W 36.17908224 6.32693895 57.55910000
S 31.43642266 5.44053593 59.18430000
S 33.02146560 8.16375173 59.12870000
S 34.60468224 5.44195394 59.14440000
S 36.19041792 8.16538789 59.09940000
S 31.39123738 10.84182574 55.98860000
S 32.98808832 13.57345687 55.93120000
S 34.57728768 10.84629792 55.95040000
S 36.17309952 13.57754728 55.90350000
W 33.00383232 11.77138531 57.51690000
W 31.42067866 14.49876242 57.50260000
W 34.59492096 14.50350729 57.46620000
W 36.18128640 11.77416679 57.48850000
S 31.44048461 10.88578402 59.11330000
S 33.02618880 13.61365197 59.05600000
S 34.60720128 10.88878366 59.07520000
S 36.19230720 13.61621530 59.02840000
S 31.40282496 16.30601516 55.92040000
S 32.99910912 19.05198999 55.87830000
S 34.58390016 16.31250528 55.88490000
S 36.17876736 19.05755295 55.85300000
W 33.01170432 17.23595651 57.45380000
W 31.43261261 19.97096904 57.45380000
W 34.60184832 19.97740462 57.42050000
W 36.18506496 17.24010146 57.42770000
S 31.44870298 16.33922930 59.04520000
S 33.03374592 19.07211482 59.00330000
S 34.61129472 16.34381056 59.00990000
S 36.19577088 19.07625977 58.97790000
S 31.41904128 21.79441981 55.88490000
S 33.01359360 24.54993894 55.86730000
S 34.59366144 21.80281879 55.85300000
S 36.18600960 24.55702899 55.84460000
W 33.02272512 22.71699842 57.42770000
W 31.44797875 25.45806476 57.44800000
W 34.61160960 25.46602743 57.41900000
W 36.19073280 22.72256138 57.40390000
S 31.45978675 21.80232794 59.00990000
S 33.04413696 24.54257620 58.99220000
S 34.61822208 21.80827267 58.97790000
S 36.20175360 24.54792100 58.96940000
S 31.43969741 27.29727725 55.89430000
S 33.03185664 30.05781395 55.90350000
S 34.60594176 27.30785778 55.86730000
S 36.19514112 30.06659470 55.88490000
W 33.03657984 28.20971164 57.44800000
W 31.46608435 30.95252323 57.48850000
W 34.62294528 30.96179482 57.46620000
W 36.19797504 28.21641991 57.42770000
S 31.47257088 27.27829774 59.01920000
S 33.05578752 30.02203649 59.02840000
S 34.62766848 27.28506055 58.99220000
S 36.20836608 30.02738129 59.00990000
S 31.46454144 32.80553403 55.95040000
S 33.05358336 35.56699789 55.98860000
S 34.62105600 32.81835065 55.93120000
S 36.20616192 35.57757842 55.97730000
W 33.05232384 33.70558811 57.51690000
W 31.48629965 36.44687261 57.57590000
W 34.63522560 36.45707137 57.56400000
W 36.20584704 33.71305993 57.50260000
S 31.48639411 32.75846703 59.07520000
S 33.06712320 35.50236940 59.11330000
S 34.63680000 32.76522985 59.05600000
S 36.21403392 35.50705974 59.10190000
S 31.49335296 38.31133657 56.05300000
S 33.07908864 41.06958264 56.12280000
S 34.63900416 38.32628020 56.04590000
S 36.21907200 41.08169026 56.12300000
W 33.06932736 39.19710148 57.63450000
W 31.50752256 41.93227763 57.70990000
W 34.64845056 41.94269454 57.71370000
W 36.21434880 39.20500960 57.63020000
S 31.49996544 38.23727286 59.17780000
S 33.07656960 40.97517595 59.24740000
S 34.64435712 38.24321759 59.17050000
S 36.21812736 40.97910274 59.24730000
S 31.52610048 43.80644950 56.20330000
S 33.10711296 46.55575120 56.30790000
S 34.65947136 43.82270206 56.21370000
S 36.23387136 46.56834967 56.32370000
W 33.08664576 44.67465290 57.80290000
W 31.52798976 47.40093923 57.89120000
W 34.66167552 47.41037445 57.91610000
W 36.22348032 44.68245196 57.81290000
S 31.51035648 43.70326206 59.32770000
S 33.08349696 46.43254802 59.43180000
S 34.65033984 43.70751608 59.33780000
S 36.22190592 46.43511134 59.44720000
S 31.56010752 49.28012867 56.39830000
S 33.13419264 52.01295965 56.53220000
S 34.68151296 49.29583585 56.43120000
S 36.24804096 52.02414011 56.56630000
W 33.10270464 50.13158866 58.01670000
W 31.54562304 52.84647637 58.10600000
W 34.67301120 52.85362096 58.15490000
W 36.23198208 50.13818786 58.04450000
S 31.51570944 49.15501663 59.52190000
S 33.08633088 51.87519460 59.65530000
S 34.65443328 49.15670733 59.55450000
S 36.22411008 51.87557638 59.68930000
S 110.31002112 54.72043009 56.61750000
S 111.87560448 57.43046384 56.75970000
S 34.70072064 54.73242863 56.67410000
S 36.25937664 57.43809928 56.81100000
W 33.11529984 55.56305479 58.24920000
W 110.27853312 58.26818006 58.31750000
W 34.68056832 58.27254316 58.38740000
W 36.23859456 55.56741790 58.29530000
S 110.23728384 54.59171848 59.74050000
S 33.08570112 57.30720612 59.88270000
S 34.65537792 54.59117309 59.79690000
S 36.22316544 57.30611534 59.93410000
S 113.43394560 60.12795368 56.88920000
S 36.26567424 62.81508113 56.99230000
W 111.84317184 60.97439610 58.44610000
W 113.40466176 63.67570365 58.54860000
W 36.24237312 60.97657765 58.50600000
S 34.65348864 60.02269376 60.01280000
S 114.94127616 62.73872679 60.11680000
W 114.96394752 66.37428425 58.61490000
S 39.36000000 2.69994408 56.02080000
S 42.55193856 2.69973683 56.03070000
W 39.36000000 0.89342761 57.59290000
W 37.76922624 3.60932975 57.57900000
W 40.95077376 3.60932975 57.57900000
W 42.54154752 0.89336762 57.60270000
S 39.36000000 2.72006345 59.14610000
S 42.53115648 2.71954533 59.15600000
S 37.76418816 5.41009237 55.99920000
S 39.36000000 8.12606540 55.96450000
S 40.95581184 5.41009237 55.99920000
S 42.55036416 8.12519278 55.97440000
W 39.36000000 6.32753887 57.54910000
W 37.76985600 9.04880763 57.51740000
W 40.95014400 9.04880763 57.51740000
W 42.54091776 6.32693895 57.55910000
S 37.77489408 5.44299564 59.12450000
S 39.36000000 8.16593328 59.08960000
S 40.94510592 5.44299564 59.12450000
S 42.52958208 8.16538789 59.09940000
S 37.76544768 10.84853401 55.93120000
S 39.36000000 13.57896529 55.89430000
S 40.95455232 10.84853401 55.93120000
S 42.54690048 13.57754728 55.90350000
W 39.36000000 11.77503942 57.47900000
W 37.77143040 14.50574339 57.44800000
W 40.94856960 14.50574339 57.44800000
W 42.53871360 11.77416679 57.48850000
S 37.77552384 10.88998351 59.05620000
S 39.36000000 13.61686976 59.01920000
S 40.94447616 10.88998351 59.05620000
S 42.52769280 13.61621530 59.02840000
S 37.76765184 16.31572307 55.86730000
S 39.36000000 19.05940727 55.84460000
S 40.95234816 16.31572307 55.86730000
S 42.54123264 19.05755295 55.85300000
W 39.36000000 17.24146493 57.41900000
W 37.77363456 19.98067695 57.40390000
W 40.94636544 19.98067695 57.40390000
W 42.53493504 17.24010146 57.42770000
S 37.77678336 16.34588303 58.99220000
S 39.36000000 19.07767778 58.96940000
S 40.94321664 16.34588303 58.99220000
S 42.52422912 19.07625977 58.97790000
S 37.77080064 21.80707282 55.83680000
S 39.36000000 24.55942870 55.83680000
S 40.94919936 21.80707282 55.83680000
S 42.53399040 24.55702899 55.84460000
W 39.36000000 22.72452478 57.39600000
W 37.77709824 25.47028146 57.40390000
W 40.94290176 25.47028146 57.40390000
W 42.52926720 22.72256138 57.40390000
S 37.77898752 21.81176315 58.96170000
S 39.36000000 24.54999348 58.96170000
S 40.94101248 21.81176315 58.96170000
S 42.51824640 24.54792100 58.96940000
S 37.77489408 27.31314805 55.85300000
S 39.36000000 30.06959434 55.87830000
S 40.94510592 27.31314805 55.85300000
S 42.52485888 30.06659470 55.88490000
W 39.36000000 28.21871054 57.42050000
W 37.78087680 30.96659424 57.45380000
W 40.93912320 30.96659424 57.45380000
W 42.52202496 28.21641991 57.42770000
S 37.78276608 27.28898735 58.97790000
S 39.36000000 30.02929015 59.00330000
S 40.93723392 27.28898735 58.97790000
S 42.51163392 30.02738129 59.00990000
S 37.77993216 32.82489531 55.92040000
S 39.36000000 35.58117799 55.97310000
S 40.94006784 32.82489531 55.92040000
S 42.51383808 35.57757842 55.97730000
W 39.36000000 33.71551417 57.49730000
W 37.78497024 36.46219802 57.55700000
W 40.93502976 36.46219802 57.55700000
W 42.51415296 33.71305993 57.50260000
S 37.78591488 32.76855671 59.04520000
S 39.36000000 35.50847774 59.09770000
S 40.93408512 32.76855671 59.04520000
S 42.50596608 35.50705974 59.10190000
S 37.78591488 38.33402472 56.04150000
S 39.36000000 41.08588975 56.12280000
S 40.93408512 38.33402472 56.04150000
S 42.50092800 41.08169026 56.12300000
W 39.36000000 39.20768201 57.62850000
W 37.78937856 41.94803935 57.71510000
W 40.93062144 41.94803935 57.71510000
W 42.50565120 39.20500960 57.63020000
S 37.78811904 38.24594453 59.16590000
S 39.36000000 40.98041168 59.24700000
S 40.93188096 38.24594453 59.16590000
S 42.50187264 40.97910274 59.24730000
S 37.79315712 43.83126466 56.21850000
S 39.36000000 46.57271277 56.32900000
S 40.92684288 43.83126466 56.21850000
S 42.48612864 46.56834967 56.32370000
W 39.36000000 44.68517890 57.81620000
W 37.79410176 47.41544656 57.92850000
W 40.92589824 47.41544656 57.92850000
W 42.49651968 44.68245196 57.81290000
S 37.79000832 43.70991579 59.34240000
S 39.36000000 46.43614758 59.45230000
S 40.92999168 43.70991579 59.34240000
S 42.49809408 46.43511134 59.44720000
S 37.80071424 49.30412575 56.44780000
S 39.36000000 52.02795783 56.57780000
S 40.91928576 49.30412575 56.44780000
S 42.47195904 52.02414011 56.56630000
W 39.36000000 50.14047849 58.05380000
W 37.79788032 52.85738414 58.17990000
W 40.92211968 52.85738414 58.17990000
W 42.48801792 50.13818786 58.04450000
S 37.79189760 49.15790718 59.57090000
S 39.36000000 51.87579453 59.70070000
S 40.92810240 49.15790718 59.57090000
S 42.49588992 51.87557638 59.68930000
S 37.80732672 54.73897328 56.70310000
S 39.36000000 57.44082622 56.82850000
S 40.91267328 54.73897328 56.70310000
S 42.46062336 57.43809928 56.81100000
W 39.36000000 55.56905406 58.31090000
W 37.80039936 58.27472471 58.42390000
W 40.91960064 58.27472471 58.42390000
W 42.48140544 55.56741790 58.29530000
S 37.79221248 54.59062770 59.82600000
S 39.36000000 57.30502457 59.95170000
S 40.92778752 54.59062770 59.82600000
S 42.49683456 57.30611534 59.93410000
S 37.81173504 60.13177139 56.92850000
S 39.36000000 62.81617191 57.01380000
S 40.90826496 60.13177139 56.92850000
S 42.45432576 62.81508113 56.99230000
W 39.36000000 60.97712304 58.52660000
W 37.80165888 63.67624903 58.59240000
W 40.91834112 63.67624903 58.59240000
W 42.47762688 60.97657765 58.50600000
S 37.79095296 60.02160299 60.05230000
S 39.36000000 62.73818140 60.13850000
S 40.92904704 60.02160299 60.05230000
S 42.49872384 62.73872679 60.11680000
S 37.81393920 65.49566393 57.05850000
S 40.90606080 65.49566393 57.05850000
W 39.36000000 66.37482964 58.63790000
W 77.16228864 0.89934507 58.63790000
W 42.47605248 66.37428425 58.61490000
S 37.79032320 65.45530521 60.18370000
S 40.92967680 65.45530521 60.18370000
S 3.13872384 -0.00054539 60.18370000
S 45.74261760 2.69907691 56.06100000
S 48.93077760 2.69793705 56.11220000
W 45.72152064 0.89338943 57.63290000
W 44.13169152 3.60871346 57.59910000
W 47.31040512 3.60782993 57.63950000
W 48.89834496 0.89374394 57.68440000
S 45.70042368 2.71869998 59.18620000
S 48.86654208 2.71837274 59.23720000
S 44.14649088 5.40902886 56.01930000
S 45.73915392 8.12268400 56.00390000
S 47.33559552 5.40685822 56.05940000
S 48.92542464 8.11848451 56.05300000
W 45.72057600 6.32546640 57.58890000
W 44.12948736 9.04738962 57.53700000
W 47.30694144 9.04449906 57.57590000
W 48.89708544 6.32317577 57.63880000
S 44.11531776 5.44195394 59.14440000
S 45.69853440 8.16375173 59.12870000
S 47.28364032 5.44053593 59.18430000
S 48.86433792 8.16102478 59.17780000
S 44.14271232 10.84629792 55.95040000
S 45.73191168 13.57345687 55.93120000
S 47.32866816 10.84182574 55.98860000
S 48.91408896 13.56653044 55.97730000
W 45.71616768 11.77138531 57.51690000
W 44.12507904 14.50350729 57.46620000
W 47.29938432 14.49876242 57.50260000
W 48.89047296 11.76653136 57.56400000
S 44.11279872 10.88878366 59.07520000
S 45.69381120 13.61365197 59.05600000
S 47.27954688 10.88578402 59.11330000
S 48.85709568 13.60868894 59.10190000
S 44.13609984 16.31250528 55.88490000
S 45.72089088 19.05198999 55.87830000
S 47.31733248 16.30601516 55.92040000
S 48.89708544 19.04260932 55.92040000
W 45.70829568 17.23595651 57.45380000
W 44.11815168 19.97740462 57.42050000
W 47.28741888 19.97096904 57.45380000
W 48.87850752 17.22897554 57.49730000
S 44.10870528 16.34381056 59.00990000
S 45.68625408 19.07211482 59.00330000
S 47.27136000 16.33922930 59.04520000
S 48.84544512 19.06573378 59.04520000
S 44.12633856 21.80281879 55.85300000
S 45.70640640 24.54993894 55.86730000
S 47.30095872 21.79441981 55.88490000
S 48.87472896 24.53810402 55.90350000
W 45.69727488 22.71699842 57.42770000
W 44.10839040 25.46602743 57.41900000
W 47.27198976 25.45806476 57.44800000
W 48.86213376 22.70827221 57.46620000
S 44.10177792 21.80827267 58.97790000
S 45.67586304 24.54257620 58.99220000
S 47.26033920 21.80232794 59.00990000
S 48.83190528 24.53526800 59.02840000
S 44.11405824 27.30785778 55.86730000
S 45.68814336 30.05781395 55.90350000
S 47.28017664 27.29727725 55.89430000
S 48.84764928 30.04336117 55.93120000
W 45.68342016 28.20971164 57.44800000
W 44.09705472 30.96179482 57.46620000
W 47.25404160 30.95252323 57.48850000
W 48.84261120 28.19924019 57.47900000
S 44.09233152 27.28506055 58.99220000
S 45.66421248 30.02203649 59.02840000
S 47.24742912 27.27829774 59.01920000
S 48.81679104 30.01391021 59.05620000
S 44.09894400 32.81835065 55.93120000
S 45.66641664 35.56699789 55.98860000
S 47.25561600 32.80553403 55.95040000
S 48.81584640 35.54998178 56.00390000
W 45.66767616 33.70558811 57.51690000
W 44.08477440 36.45707137 57.56400000
W 47.23357440 36.44687261 57.57590000
W 48.81993984 33.69358957 57.53700000
S 44.08320000 32.76522985 59.05600000
S 45.65287680 35.50236940 59.11330000
S 47.23357440 32.75846703 59.07520000
S 48.80073216 35.49424311 59.12870000
S 44.08099584 38.32628020 56.04590000
S 45.64091136 41.06958264 56.12280000
S 47.22664704 38.31133657 56.05300000
S 48.77995008 41.05054859 56.12030000
W 45.65067264 39.19710148 57.63450000
W 44.07154944 41.94269454 57.71370000
W 47.21247744 41.93227763 57.70990000
W 48.79537920 39.18439393 57.63880000
S 44.07564288 38.24321759 59.17050000
S 45.64343040 40.97517595 59.24740000
S 47.22003456 38.23727286 59.17780000
S 48.78624768 40.96874037 59.24510000
S 44.06052864 43.82270206 56.21370000
S 45.61288704 46.55575120 56.30790000
S 47.19389952 43.80644950 56.20330000
S 48.74121984 46.53622631 56.28120000
W 45.63335424 44.67465290 57.80290000
W 44.05832448 47.41037445 57.91610000
W 47.19201024 47.40093923 57.89120000
W 48.77081856 44.66254529 57.78510000
S 44.06966016 43.70751608 59.33780000
S 45.63650304 46.43254802 59.43180000
S 47.20964352 43.70326206 59.32770000
S 48.77680128 46.42916661 59.40540000
S 44.03848704 49.29583585 56.43120000
S 45.58580736 52.01295965 56.53220000
S 47.15989248 49.28012867 56.39830000
S 48.70406400 51.99577993 56.47710000
W 45.61729536 50.13158866 58.01670000
W 44.04698880 52.85362096 58.15490000
W 47.17437696 52.84647637 58.10600000
W 48.74846208 50.12155352 57.97130000
S 44.06556672 49.15670733 59.55450000
S 45.63366912 51.87519460 59.65530000
S 47.20429056 49.15501663 59.52190000
S 48.77239296 51.87448560 59.60060000
S 44.01927936 54.73242863 56.67410000
S 45.56439552 57.43046384 56.75970000
S 47.12997888 54.72043009 56.61750000
S 48.67446528 57.41901069 56.67910000
W 45.60470016 55.56305479 58.24920000
W 44.03943168 58.27254316 58.38740000
W 47.16146688 58.26818006 58.31750000
W 48.73082880 55.55596474 58.17620000
S 44.06462208 54.59117309 59.79690000
S 45.63429888 57.30720612 59.88270000
S 47.20271616 54.59171848 59.74050000
S 48.77144832 57.30720612 59.80210000
S 44.00605440 60.12795368 56.88920000
S 45.55180032 62.81180880 56.92980000
S 47.10951168 60.12086363 56.81440000
S 48.65683200 62.80580953 56.83300000
W 45.59682816 60.97439610 58.44610000
W 44.03533824 63.67570365 58.54860000
W 47.15453952 63.67352209 58.46610000
W 48.71886336 60.97003299 58.35300000
S 44.06651136 60.02269376 60.01280000
S 45.63555840 62.73927218 60.05390000
S 47.20303104 60.02378454 59.93760000
S 48.77144832 62.73981757 59.95640000
S 44.00007168 65.49457315 57.01400000
S 6.18770688 -0.00054539 56.99230000
S 47.09943552 65.49239160 56.92980000
S 48.65084928 68.17242901 56.88920000
W 45.59304960 66.37373886 58.54860000
W 48.71319552 66.37210270 58.44610000
S 44.06777088 65.45530521 60.13880000
S 45.63618816 68.17242901 60.11680000
S 47.20366080 65.45585059 60.05390000
S 9.41207808 -0.00054539 60.01280000
S 52.11421440 2.69632270 56.18550000
S 55.29103872 2.69425023 56.28120000
W 52.07013120 0.89428387 57.75790000
W 50.48471040 3.60679369 57.70120000
W 53.65334784 3.60540295 57.78510000
W 55.23561984 0.89476381 57.85390000
S 52.02667776 2.71807823 59.31010000
S 55.18051584 2.71708563 59.40540000
S 50.52092160 5.40355316 56.12030000
S 52.10665728 8.11248524 56.12280000
S 53.70057984 5.39913552 56.20330000
S 55.28127744 8.10468619 56.21370000
W 52.06824192 6.32017613 57.70990000
W 50.48030208 9.04029957 57.63450000
W 53.64768000 9.03506385 57.71370000
W 55.23278592 6.31657657 57.80290000
S 50.44692480 5.43899249 59.24510000
S 52.02384384 8.15769792 59.24740000
S 53.60328192 5.43704000 59.32770000
S 55.17705216 8.15442559 59.33780000
S 50.51084544 10.83500839 56.04590000
S 52.09122816 13.55665891 56.04150000
S 53.68735488 10.82579133 56.12300000
S 55.26144000 13.54384229 56.12280000
W 52.05974016 11.76009578 57.63020000
W 50.46959616 14.49172691 57.55700000
W 53.63476992 14.48294616 57.62850000
W 55.22270976 11.75251488 57.71510000
S 50.44157184 10.88120276 59.17050000
S 52.01597184 13.60241698 59.16590000
S 53.59792896 10.87634881 59.24730000
S 55.17012480 13.59658133 59.24700000
S 50.49415680 16.29614363 55.97310000
S 52.06824192 19.02941093 55.97730000
S 53.66531328 16.28283616 56.04150000
S 55.23215616 19.01223120 56.04590000
W 52.04462592 17.21964940 57.55700000
W 50.45322240 19.96169744 57.50260000
W 53.61493248 19.94991706 57.56400000
W 55.20539136 17.20841440 57.63020000
S 50.43118080 16.33252102 59.09770000
S 52.00306176 19.05782565 59.10190000
S 53.58785280 16.32510374 59.16590000
S 55.15752960 19.04915398 59.17050000
S 50.47117056 21.78171227 55.93120000
S 52.03832832 24.52163330 55.95040000
S 53.63508480 21.76469616 55.98860000
S 55.19500032 24.50085401 56.00390000
W 52.02384384 22.69654636 57.51690000
W 50.43275520 25.44682977 57.48850000
W 53.58942720 25.43254060 57.53700000
W 55.18083072 22.68214812 57.57590000
S 50.41732608 21.79463797 59.05600000
S 51.98637312 24.52626910 59.07520000
S 53.57242368 21.78536637 59.11330000
S 55.13926656 24.51552495 59.12870000
S 50.44220160 27.28162461 55.93120000
S 52.00274688 30.02372719 55.96450000
S 53.59855872 27.26128163 55.97440000
S 55.15249152 29.99973011 55.99920000
W 51.99833856 28.18538733 57.51740000
W 50.40850944 30.93932483 57.51740000
W 53.56014336 30.92301773 57.54910000
W 55.15123200 28.16864391 57.55910000
S 50.40126720 27.26968061 59.05620000
S 51.96811008 30.00382052 59.08960000
S 53.55321600 27.25920916 59.09940000
S 55.11879936 29.99247645 59.12450000
S 50.40819456 32.78704537 55.97440000
S 51.96244224 35.52756633 56.01930000
S 53.55699456 32.76370276 55.99920000
S 55.10588928 35.50122408 56.03070000
W 51.97031424 33.67793693 57.55910000
W 50.38174464 36.43231075 57.58890000
W 53.52897024 36.41480379 57.59910000
W 55.11879936 33.65977550 57.57900000
S 50.38394880 32.74892274 59.09940000
S 51.94953216 35.48398982 59.14440000
S 53.53369344 32.73801498 59.12450000
S 55.09927680 35.47319113 59.15600000
S 50.36977920 38.29033912 56.05940000
S 51.91804416 41.02627882 56.11220000
S 53.51133696 38.26476042 56.06100000
S 55.05676800 40.99873672 56.09560000
W 51.94040064 39.16797775 57.63950000
W 50.35403520 41.91771576 57.70120000
W 53.49685248 41.90026334 57.68440000
W 55.08542208 39.14932547 57.63290000
S 50.36663040 38.22849211 59.18430000
S 51.93252864 40.96045047 59.23720000
S 53.51511552 38.21851150 59.18620000
S 55.08101376 40.95090618 59.22090000
S 50.32790016 43.78408858 56.18550000
S 51.87207168 46.51190199 56.24320000
S 53.46316032 43.75774633 56.15820000
S 55.00733184 46.48512343 56.19460000
W 51.91048704 44.64705626 57.75790000
W 50.32727040 47.38801353 57.85390000
W 53.46567936 47.37230635 57.80480000
W 55.05235968 44.62922207 57.72040000
S 50.35277568 43.69748094 59.31010000
S 51.91930368 46.42425812 59.36770000
S 53.49874176 43.68990005 59.28320000
S 55.06464000 46.41700445 59.31940000
S 50.28507648 49.25880399 56.35020000
S 51.82893312 51.97450979 56.40550000
S 53.41592832 49.23420699 56.28960000
S 54.96198912 51.95133079 56.32320000
W 51.88277760 50.10851874 57.91090000
W 50.30428416 52.83644123 58.03680000
W 53.43859968 52.82406092 57.95340000
W 55.02150144 50.09330241 57.83980000
S 50.34427392 49.15261692 59.47430000
S 51.91143168 51.87257674 59.52940000
S 53.48583168 49.14825381 59.41410000
S 55.05204480 51.86859541 59.44750000
S 50.24792064 54.70352305 56.53830000
S 51.79429632 57.40373983 56.57730000
S 53.37499392 54.68388908 56.44420000
S 54.92640768 57.38737818 56.46440000
W 51.86073600 55.54669315 58.08340000
W 50.28759552 58.26163540 58.22090000
W 53.41907712 58.25345458 58.10780000
W 54.99662592 55.53578538 57.97990000
S 50.34049536 54.59117309 59.66170000
S 51.90828288 57.30720612 59.70050000
S 53.47858944 54.58953693 59.56800000
S 55.04606208 57.30611534 59.58790000
S 50.22147072 60.11104664 56.71140000
S 51.77319936 62.79871949 56.71140000
S 53.34602496 60.09850272 56.59070000
S 54.90405120 62.78999328 56.57730000
W 51.84625152 60.96457911 58.23630000
W 50.27783424 63.67024976 58.35300000
W 53.40774144 63.66588666 58.22090000
W 54.98056704 60.95803445 58.10780000
S 50.33955072 60.02378454 59.83440000
S 51.90765312 62.73981757 59.83440000
S 53.47638528 60.02323915 59.71380000
S 55.04480256 62.73981757 59.70050000
S 50.20856064 65.48857388 56.81440000
S 51.76564224 68.17188362 56.75970000
S 53.33122560 65.48421078 56.67910000
S 54.89586432 68.17133823 56.61750000
W 51.83900928 66.36992115 58.31750000
W 54.97238016 66.36719421 58.17620000
S 50.33955072 65.45585059 59.93760000
S 12.54765312 -0.00054539 59.88270000
S 53.47607040 65.45585059 59.80210000
S 55.04354304 68.17242901 59.74050000
S 58.45778688 2.69167599 56.39830000
S 61.61162496 2.68863273 56.53220000
W 58.39229184 0.89532011 57.97130000
W 56.81442816 3.60369043 57.89120000
W 59.96669184 3.60208154 58.01670000
W 61.53920256 0.89617637 58.10600000
S 58.32742656 2.71602212 59.52190000
S 61.46835456 2.71597849 59.65530000
S 56.87205120 5.39361619 56.30790000
S 58.44613632 8.09519643 56.32370000
S 60.03218688 5.38703881 56.43120000
S 61.59902976 8.08428867 56.44780000
W 58.38945792 6.31259524 57.91610000
W 56.80781568 9.02911912 57.81290000
W 59.96007936 9.02279261 57.92850000
W 61.53699840 6.30877752 58.04450000
S 56.75334144 5.43487481 59.43180000
S 58.32490752 8.15164411 59.44720000
S 59.89836288 5.43340771 59.55450000
S 61.46803968 8.14968071 59.57090000
S 56.85567744 10.81417456 56.21850000
S 58.42252032 13.52808057 56.21850000
S 60.01329408 10.80037624 56.32900000
S 61.57257984 13.50997369 56.32370000
W 58.37843712 11.74417045 57.81620000
W 56.79333120 14.47291102 57.71510000
W 59.94433536 14.46194872 57.81290000
W 61.52597760 11.73528062 57.92850000
S 56.74893312 10.87220386 59.34240000
S 58.31892480 13.59140014 59.34240000
S 59.89489920 10.86865883 59.45230000
S 61.46300160 13.58676434 59.44720000
S 56.82828288 16.26598367 56.12300000
S 58.38788352 18.99145191 56.12280000
S 59.98180608 16.24613154 56.21370000
S 61.53447936 18.96794568 56.20330000
W 58.35922944 17.19581594 57.71370000
W 56.77097472 19.93611874 57.63450000
W 59.92071936 19.92106603 57.70990000
W 61.50614016 17.18229031 57.80290000
S 56.73980160 16.31806824 59.24730000
S 58.30727424 19.04064592 59.24740000
S 59.88671232 16.31163265 59.33780000
S 61.45292544 19.03317410 59.32770000
S 56.79175680 21.74369871 56.05300000
S 58.34537472 24.47631154 56.05940000
S 59.94087168 21.71942894 56.12030000
S 61.48882176 24.44931483 56.11220000
W 58.33246464 22.66595009 57.63880000
W 56.74232064 25.41574264 57.58890000
W 59.89080576 25.39769029 57.63950000
W 61.47874560 22.64898852 57.70120000
S 56.72437248 21.77522215 59.17780000
S 58.29027072 24.50445357 59.18430000
S 59.87317248 21.76578693 59.24510000
S 61.43907072 24.49469112 59.23720000
S 56.74893312 27.23690278 56.01930000
S 58.29782784 29.97256978 56.03070000
S 59.89395456 27.20968791 56.06100000
S 61.43970048 29.94382783 56.05490000
W 58.30066176 28.14999164 57.59910000
W 56.70957312 30.90441999 57.57900000
W 59.85711360 30.88467694 57.60270000
W 61.44694272 28.13079397 57.63290000
S 56.70484992 27.24759239 59.14440000
S 58.27043328 29.98080514 59.15600000
S 59.85585408 27.23630285 59.18620000
S 61.42175232 29.96935199 59.18030000
S 56.70170112 32.73681512 56.02080000
S 58.24807680 35.47259120 56.03500000
S 59.84420352 32.70801863 56.03500000
S 61.39026432 35.44363109 56.03040000
W 58.26633984 33.64003245 57.59290000
W 56.67556608 36.39549705 57.60270000
W 59.82184704 36.37526314 57.59780000
W 61.41293568 33.61974401 57.59780000
S 56.68438272 32.72672544 59.14610000
S 58.24996608 35.46201067 59.16040000
S 59.83601664 32.71499960 59.16040000
S 61.40097024 35.44990306 59.15590000
S 56.65195008 38.23650931 56.05490000
S 58.19738112 40.97004930 56.07000000
S 59.79382272 38.20760374 56.04010000
S 61.34177280 40.94234358 56.03720000
W 58.23107328 39.12952788 57.61750000
W 56.64092928 41.88117476 57.65800000
W 59.78689536 41.86159532 57.62360000
W 61.37798400 39.10951214 57.59400000
S 56.66486016 38.20804005 59.18030000
S 58.23012864 40.94038018 59.19560000
S 59.81491968 38.19664144 59.16570000
S 61.37955840 40.92909065 59.16280000
S 56.60156928 43.72976792 56.12130000
S 58.14857472 46.45829034 56.13810000
S 59.74501632 43.70228036 56.07710000
S 61.29705984 46.43320248 56.07810000
W 58.19675136 44.61040618 57.67420000
W 56.60786688 47.35490847 57.74640000
W 59.75414784 47.33729243 57.68280000
W 61.34429184 44.59197206 57.62320000
S 56.64659712 43.68051937 59.24660000
S 58.21155072 46.40806009 59.26320000
S 59.79476736 43.67026607 59.20250000
S 61.36035072 46.39862487 59.20340000
S 56.55402240 49.20868282 56.22030000
S 58.10512128 51.92842449 56.23630000
S 59.70030336 49.18430397 56.14720000
S 61.25801472 51.90742704 56.15110000
W 58.16526336 50.07715892 57.76300000
W 56.57889792 52.81015352 57.86290000
W 59.72612352 52.79597343 57.77180000
W 61.31469312 50.06145174 57.68590000
S 56.63022336 49.14143646 59.34500000
S 58.19675136 51.86270521 59.36090000
S 59.77744896 49.13341925 59.27220000
S 61.34492160 51.85561517 59.27600000
S 56.51340288 54.66316433 56.34360000
S 58.07111424 57.37047115 56.35050000
S 59.66314752 54.64407574 56.24400000
S 61.22841600 57.35520028 56.24400000
W 58.14007296 55.52378684 57.87450000
W 56.55811584 58.24418298 57.98900000
W 59.70502656 58.23436599 57.87450000
W 61.29107712 55.51178830 57.77450000
S 56.61920256 54.58626460 59.46760000
S 58.18761984 57.30338840 59.47440000
S 59.76453888 54.58135611 59.36840000
S 61.33327104 57.29902530 59.36840000
S 56.48443392 60.08595879 56.46440000
S 58.05001728 62.78126707 56.44420000
S 59.63669760 60.07341486 56.34360000
S 61.20983808 62.77254086 56.32320000
W 58.12306944 60.95094441 57.97990000
W 56.54552064 63.66097817 58.08340000
W 59.69243136 63.65552428 57.95340000
W 61.27470336 60.94330897 57.86290000
S 56.61447936 60.02269376 59.58790000
S 58.18321152 62.73872679 59.56800000
S 59.75635200 60.01996682 59.46760000
S 61.32665856 62.73599985 59.44750000
S 56.46931968 65.47930229 56.53830000
S 58.04214528 68.17024746 56.47710000
S 59.62315776 65.47493918 56.40550000
S 61.20322560 68.16915668 56.35020000
W 58.11456768 66.36392188 58.03680000
W 61.26620160 66.36119494 57.91090000
S 56.61290496 65.45530521 59.66170000
S 58.18163712 68.17133823 59.60060000
S 59.75288832 65.45421443 59.52940000
S 61.32476928 68.17133823 59.47430000
S 64.75003392 2.68540403 56.67410000
S 67.87269888 2.68246439 56.81100000
W 64.67666688 0.89720715 58.24920000
W 63.10919424 3.60083805 58.15490000
W 66.24193536 3.59983999 58.29530000
W 67.80594432 0.89802523 58.38740000
S 64.60487424 2.71678021 59.79690000
S 67.73981952 2.71726015 59.93410000
S 63.17815296 5.37976879 56.56630000
S 64.73743872 8.07278098 56.57780000
S 66.30900480 5.37258057 56.70310000
S 67.86167808 8.06187322 56.70310000
W 64.67477760 6.30528704 58.17990000
W 63.10289664 9.01652065 58.05380000
W 66.23689728 9.01084861 58.17990000
W 67.80405504 6.30234194 58.31090000
S 63.03771648 5.43315138 59.68930000
S 64.60581888 8.14886263 59.70070000
S 66.17297664 5.43363677 59.82600000
S 67.74076416 8.14924440 59.82600000
S 63.15831552 10.78510537 56.44780000
S 64.71067392 13.49066694 56.43120000
S 66.29011200 10.76961635 56.56630000
S 67.83743232 13.47190559 56.53220000
W 64.66501632 11.72655441 58.04450000
W 63.08778240 14.45055010 57.91610000
W 66.22398720 14.43980596 58.01670000
W 67.79618304 11.71902805 58.15490000
S 63.03614208 10.86593189 59.57090000
S 64.60361472 13.58343747 59.55450000
S 66.17360640 10.86478658 59.68930000
S 67.74202368 13.58234669 59.65530000
S 63.12493824 16.22415239 56.30790000
S 64.67225856 18.94302144 56.28120000
S 66.25799424 16.20173694 56.39830000
S 67.80185088 18.91886075 56.35020000
W 64.64643840 17.16887376 57.89120000
W 63.06448128 19.90557700 57.78510000
W 66.20289024 19.89074244 57.85390000
W 67.78075392 17.15665707 57.97130000
S 63.03015936 16.30612423 59.43180000
S 64.59731712 19.02728391 59.40540000
S 66.17171712 16.30247013 59.52190000
S 67.73950464 19.02302988 59.47430000
S 63.08211456 21.69308669 56.18550000
S 64.62691584 24.42155457 56.15820000
S 66.21643008 21.66663536 56.24320000
S 67.76091648 24.39521232 56.19460000
W 64.62061824 22.63219056 57.75790000
W 63.03519744 25.37947433 57.68440000
W 66.17612544 25.36202191 57.72040000
W 67.75839744 22.61653792 57.80480000
S 63.01945344 21.75793334 59.31010000
S 64.58598144 24.48640122 59.28320000
S 66.16447488 21.75144322 59.36770000
S 67.73068800 24.47876579 59.31940000
S 63.03425280 27.18121865 56.09560000
S 64.57999872 29.91541310 56.07000000
S 66.17203200 27.15356747 56.12130000
S 67.71966720 29.88950717 56.07710000
W 64.59070464 28.11197808 57.65800000
W 63.00276480 30.86487935 57.61750000
W 66.14652672 30.84617253 57.62360000
W 67.73194752 28.09452566 57.67420000
S 63.00496896 27.22621317 59.22090000
S 64.57055232 29.95855331 59.19560000
S 66.15156480 27.21699611 59.24660000
S 67.71683328 29.94868178 59.20250000
S 62.98576128 32.67922213 56.04010000
S 64.53402624 35.41630715 56.01780000
S 66.12794880 32.65238904 56.03720000
S 67.68093696 35.39231007 56.00020000
W 64.55890176 33.60011004 57.59400000
W 62.96875776 36.35513832 57.58430000
W 66.11661312 36.33659512 57.56470000
W 67.70455296 33.58254854 57.58400000
S 62.98670592 32.70300106 59.16570000
S 64.55165952 35.43774090 59.14330000
S 66.13550592 32.69182060 59.16280000
S 67.70140416 35.42699675 59.12580000
S 62.93852928 38.17995256 56.01780000
S 64.49120256 40.91725573 56.00020000
S 66.08701440 38.15530102 55.99060000
S 67.64567040 40.89609467 55.96280000
W 64.52678400 39.09047809 57.56470000
W 62.93569536 41.84267035 57.58400000
W 66.08764416 41.82549063 57.54290000
W 67.67778816 39.07378921 57.53340000
S 62.96560896 38.18447928 59.14330000
S 64.53119232 40.91752842 59.12580000
S 66.11724288 38.17280798 59.11620000
S 67.68408576 40.90672974 59.08840000
S 62.89413120 43.67697435 56.02920000
S 64.45247232 46.41122334 56.01940000
S 66.04985856 43.65526790 55.98170000
S 67.61512704 46.39322553 55.96630000
W 64.49655552 44.57484687 57.57140000
W 62.90515200 47.32071263 57.61900000
W 66.06119424 47.30576900 57.55970000
W 67.65259776 44.55990324 57.52310000
S 62.94514176 43.65968554 59.15470000
S 64.51198464 46.38897150 59.14470000
S 66.09835008 43.64905047 59.10720000
S 67.66645248 46.37904544 59.09180000
S 62.85508608 49.16248844 56.07580000
S 64.42003968 51.88942923 56.07340000
S 66.01774080 49.14427248 56.01120000
S 67.58993664 51.87492191 56.00800000
W 64.46979072 50.04705350 57.61420000
W 62.87964672 52.78250234 57.68630000
W 66.03883776 52.77039473 57.61210000
W 67.63024128 50.03445503 57.55260000
S 62.92750848 49.12491120 59.20100000
S 64.49592576 51.84781612 59.19870000
S 66.08040192 49.11602137 59.13660000
S 67.65070848 51.83990799 59.13350000
S 62.82328320 54.62716871 56.15210000
S 64.39579392 57.34211096 56.15110000
S 65.99255040 54.61298862 56.07340000
S 67.57167360 57.33174859 56.07580000
W 64.44869376 55.50033515 57.68630000
W 62.86043904 58.22454900 57.77180000
W 66.02277888 58.21636818 57.68590000
W 67.61292288 55.49106355 57.61420000
S 62.91365376 54.57481145 59.27700000
S 64.48427520 57.29302603 59.27600000
S 66.06654720 54.56772140 59.19870000
S 67.64031744 57.28757215 59.20100000
S 62.80124160 60.06250710 56.23630000
S 64.38099456 62.76545081 56.22030000
S 65.97523200 60.05323550 56.14720000
S 67.56033792 62.75945154 56.13810000
W 64.43452416 60.93567354 57.76300000
W 62.84847360 63.65061579 57.83980000
W 66.01333248 63.64570730 57.74640000
W 67.60158720 60.92967427 57.68280000
S 62.90389248 60.01614910 59.36090000
S 64.47734784 62.73327291 59.34500000
S 66.05804544 60.01178600 59.27220000
S 67.63527936 62.73054597 59.26320000
S 62.78990592 65.47057607 56.28960000
S 64.37564160 68.16861129 56.24320000
S 65.96641536 65.46675836 56.19460000
S 67.55624448 68.16752052 56.15820000
W 64.42728192 66.35846800 57.80480000
W 67.59591936 66.35574106 57.72040000
S 62.89916928 65.45257827 59.41410000
S 64.47514368 68.17133823 59.36770000
S 66.05395200 65.45148749 59.31940000
S 67.63276032 68.17079285 59.28320000
S 70.98150912 2.68017921 56.92850000
S 74.08055808 2.67865212 57.01380000
W 70.92829440 0.89854335 58.50600000
W 69.36743424 3.59891829 58.42390000
W 72.48758016 3.59829109 58.52660000
W 74.04623616 0.89899602 58.59240000
S 70.87570944 2.71722743 60.05230000
S 74.01285888 2.71766374 60.13850000
S 69.42505728 5.36635769 56.82850000
S 70.97332224 8.05287431 56.81100000
S 72.52945920 5.36170553 56.92850000
S 74.07552000 8.04654781 56.88920000
W 70.92703488 6.30005131 58.42390000
W 69.36334080 9.00626735 58.29530000
W 72.48506112 9.00294048 58.38740000
W 74.04592128 6.29863330 58.50600000
S 69.30760704 5.43418216 59.95170000
S 70.87665408 8.15038972 59.93410000
S 72.44475648 5.43482027 60.05230000
S 74.01443328 8.15137141 60.01280000
S 69.40931328 10.75559987 56.67410000
S 70.95411456 13.45570756 56.61750000
S 72.51843840 10.74452849 56.75970000
S 74.06323968 13.44392718 56.67910000
W 70.92136704 11.71319240 58.24920000
W 69.35357952 14.43086159 58.10600000
W 72.47844864 14.42398970 58.17620000
W 74.04245760 11.70904745 58.31750000
S 69.30981120 10.86555012 59.79690000
S 70.87917312 13.58300116 59.74050000
S 72.44633088 10.86685905 59.88270000
S 74.01537792 13.58354655 59.80210000
S 69.38160384 16.18095765 56.47710000
S 70.92577536 18.89780876 56.40550000
S 72.49828608 16.16415970 56.53830000
S 74.04497664 18.88226520 56.44420000
W 70.91003136 17.14667646 58.03680000
W 69.33657600 19.87759859 57.91090000
W 72.46648320 19.86729075 57.95340000
W 74.03521536 17.13942280 58.08340000
S 69.31075584 16.30099759 59.60060000
S 70.87854336 19.02035748 59.52940000
S 72.44759040 16.30061581 59.66170000
S 74.01506304 19.01893947 59.56800000
S 69.34602240 21.64242013 56.28960000
S 70.89302784 24.37274233 56.22030000
S 72.47215104 21.62294977 56.32320000
S 74.02387968 24.35632614 56.23630000
W 70.89271296 22.60323045 57.83980000
W 69.31453440 25.34631473 57.74640000
W 72.45073920 25.33398896 57.76300000
W 74.02450944 22.59374069 57.86290000
S 69.30666240 21.74598934 59.41410000
S 70.87287552 24.47238475 59.34500000
S 72.44570112 21.74222616 59.44750000
S 74.01285888 24.46840341 59.36090000
S 69.30823680 27.12902500 56.13810000
S 70.86091008 29.86807341 56.07810000
S 72.44507136 27.10971826 56.14720000
S 74.00341248 29.85274800 56.07580000
W 70.87224576 28.07985472 57.68280000
W 69.28997376 30.82986543 57.62320000
W 72.43342080 30.81710335 57.61900000
W 74.01191424 28.06938327 57.68590000
S 69.29627136 27.20859714 59.26320000
S 70.86248448 29.94039188 59.20340000
S 72.43940352 27.20210702 59.27220000
S 74.00719104 29.93439261 59.20100000
S 69.27234048 32.62948273 56.02920000
S 70.83131136 35.37316694 55.98170000
S 72.41956608 32.61192124 56.01940000
S 73.98514944 35.35980493 55.96630000
W 70.85114880 33.56815029 57.57140000
W 69.26572800 36.32094248 57.54290000
W 72.41610240 36.30888941 57.52310000
W 73.99868928 33.55778792 57.55970000
S 69.28304640 32.68233085 59.15470000
S 70.85020416 35.41821600 59.10720000
S 72.42995712 32.67464087 59.14470000
S 73.99868928 35.41123504 59.09180000
S 69.23990784 38.13495804 55.96280000
S 70.80549120 40.87962394 55.92970000
S 72.39720960 38.11985079 55.93900000
S 73.96972032 40.86849803 55.90540000
W 70.83068160 39.06042720 57.50450000
W 69.24274176 41.81103784 57.50450000
W 72.40004352 41.80013008 57.47380000
W 73.98546432 39.05088291 57.48280000
S 69.26824704 38.16288191 59.08840000
S 70.83666432 40.89756721 59.05550000
S 72.41862144 38.15481017 59.06460000
S 73.98892800 40.89064078 59.03120000
S 69.21125376 43.63787002 55.93900000
S 70.78344960 46.37959083 55.92310000
S 72.37800192 43.62527155 55.90540000
S 73.95649536 46.37048284 55.89280000
W 70.81178880 44.54785016 57.48280000
W 69.22164480 47.29311599 57.50930000
W 72.38555904 47.28368078 57.47120000
W 73.97381376 44.53956026 57.45430000
S 69.25250304 43.63896079 59.06460000
S 70.82249472 46.37015561 59.04870000
S 72.40697088 43.63094359 59.03120000
S 73.98042624 46.36404726 59.01850000
S 69.18732288 49.12998331 55.95750000
S 70.76581632 51.86406868 55.95750000
S 72.36194304 49.11978455 55.91750000
S 73.94578944 51.85686956 55.92310000
W 70.79541504 50.02436535 57.50440000
W 69.20401152 52.76035958 57.55260000
W 72.37359360 52.75283323 57.50930000
W 73.96373760 50.01749346 57.47120000
S 69.23644416 49.10713154 59.08310000
S 70.81021440 51.83287248 59.08310000
S 72.39626496 49.10009604 59.04310000
S 73.97349888 51.82785491 59.04870000
S 69.16874496 54.60208086 56.01120000
S 70.75290624 57.32411315 56.01940000
S 72.34997760 54.59390003 55.96630000
S 73.93823232 57.31865927 55.98170000
W 70.78250496 55.48342812 57.55970000
W 69.19173120 58.20927814 57.61900000
W 72.36540672 58.20382425 57.57140000
W 73.95618048 55.47851963 57.52310000
S 69.22447872 54.56172213 59.13660000
S 70.80202752 57.28320904 59.14470000
S 72.38776320 54.55681364 59.09180000
S 73.96783104 57.27993671 59.10720000
S 69.15614976 60.04560006 56.07810000
S 70.74534912 62.75508843 56.07710000
S 72.34179072 60.04069157 56.02920000
S 73.93382400 62.75236149 56.03720000
W 70.77431808 60.92531116 57.62320000
W 69.18448896 63.64188958 57.67420000
W 72.36036864 63.63916264 57.62360000
W 73.95114240 60.92203883 57.58400000
S 69.21786624 60.00796828 59.20340000
S 70.79793408 62.72836441 59.20250000
S 72.38209536 60.00524134 59.15470000
S 73.96436736 62.72618286 59.16280000
S 69.14985216 65.46348603 56.12130000
S 70.74251520 68.16697513 56.09560000
S 72.33769728 65.46130448 56.07000000
S 73.93224960 68.16642974 56.05490000
W 70.77022464 66.35410489 57.65800000
W 73.94830848 66.35246873 57.61750000
S 69.21471744 65.44930594 59.24660000
S 70.79604480 68.16970207 59.22090000
S 72.37957632 65.44821516 59.19560000
S 73.96342272 68.16970207 59.18030000
S 75.62787840 0.00000000 57.05850000
S 77.17393920 2.67787767 57.05850000
W 75.60457728 3.59813838 58.59240000
S 77.15095296 2.71852545 60.18370000
S 75.62661888 5.35887497 56.99230000
S 77.17236480 8.04333002 56.92980000
S 78.72000000 5.35793144 57.01400000
S 80.26763520 8.04333002 56.92980000
W 77.16228864 6.29803337 58.54860000
W 75.60363264 9.00092255 58.44610000
W 78.72000000 9.00021354 58.46610000
S 75.58253568 5.43568198 60.11680000
S 77.15189760 8.15180772 60.05390000
S 78.72000000 5.43614011 60.13880000
S 80.28810240 8.15180772 60.05390000
S 75.62095104 10.73754752 56.81440000
S 77.16827136 13.43776429 56.71140000
S 78.72000000 10.73520235 56.83300000
S 80.27172864 13.43776429 56.71140000
W 77.16102912 11.70681136 58.35300000
W 75.59985408 14.41951752 58.22090000
W 78.72000000 14.41793589 58.23630000
W 80.27897088 11.70681136 58.35300000
S 75.58348032 10.86729536 59.93760000
S 77.15189760 13.58343747 59.83440000
S 78.72000000 10.86729536 59.95640000
S 80.28810240 13.58343747 59.83440000
S 75.61024512 16.15336101 56.57730000
S 77.16197376 18.87402984 56.46440000
S 78.72000000 16.14959783 56.59070000
S 80.27802624 18.87402984 56.46440000
W 77.15851008 17.13560508 58.10780000
W 75.59355648 19.86074609 57.97990000
W 78.72000000 19.85856454 57.98900000
W 80.28148992 17.13560508 58.10780000
S 75.58348032 16.30028858 59.70050000
S 77.15158272 19.01839408 59.58790000
S 78.72000000 16.30007043 59.71380000
S 80.28841728 19.01839408 59.58790000
S 75.59670528 21.61029677 56.34360000
S 77.15473152 24.34765447 56.24400000
S 78.72000000 21.60587912 56.35050000
S 80.28526848 24.34765447 56.24400000
W 77.15504640 22.58894128 57.87450000
W 75.58568448 25.32624445 57.77180000
W 78.72000000 25.32368112 57.77450000
W 80.28495360 22.58894128 57.87450000
S 75.58285056 21.74053546 59.46760000
S 77.15095296 24.46693086 59.36840000
S 78.72000000 21.74015369 59.47440000
S 80.28904704 24.46693086 59.36840000
S 75.58222080 27.09733795 56.15110000
S 77.14748928 29.84478534 56.07340000
S 78.72000000 27.09308392 56.15210000
S 80.29251072 29.84478534 56.07340000
W 77.15063808 28.06403846 57.68630000
W 75.57686784 30.80897706 57.61420000
W 78.72000000 30.80619558 57.61210000
W 80.28936192 28.06403846 57.68630000
S 75.58064640 27.19845292 59.27600000
S 77.14937856 29.93122936 59.19870000
S 78.72000000 27.19736214 59.27700000
S 80.29062144 29.93122936 59.19870000
S 75.56899584 32.60095893 56.01120000
S 77.14150656 35.35298758 55.95750000
S 78.72000000 32.59719576 56.00800000
S 80.29849344 35.35298758 55.95750000
W 77.14622976 33.55222496 57.55260000
W 75.56773632 36.30109036 57.50930000
W 78.72000000 36.29830888 57.50440000
W 80.29377024 33.55222496 57.55260000
S 75.57592320 32.66924153 59.13660000
S 77.14622976 35.40703555 59.08310000
S 78.72000000 32.66722360 59.13350000
S 80.29377024 35.40703555 59.08310000
S 75.55766016 38.11057919 55.92310000
S 77.13615360 40.86288053 55.89280000
S 78.72000000 38.10747047 55.91750000
S 80.30384640 40.86288053 55.89280000
W 77.14150656 39.04586534 57.47120000
W 75.55923456 41.79331273 57.45430000
W 78.72000000 41.79096756 57.44770000
W 80.29849344 39.04586534 57.47120000
S 75.56899584 38.14902905 59.04870000
S 77.14276608 40.88687761 59.01850000
S 78.72000000 38.14684750 59.04310000
S 80.29723392 40.88687761 59.01850000
S 75.54821376 43.61769065 55.88450000
S 77.13174528 46.36595612 55.87740000
S 78.72000000 43.61518187 55.87740000
S 80.30825472 46.36595612 55.87740000
W 77.13772800 44.53541531 57.43980000
W 75.55199232 47.27806328 57.44770000
W 78.72000000 47.27620896 57.43980000
W 80.30227200 44.53541531 57.43980000
S 75.56269824 43.62603509 59.01020000
S 77.13993216 46.36126578 59.00310000
S 78.72000000 43.62445347 59.00310000
S 80.30006784 46.36126578 59.00310000
S 75.54002688 49.11367620 55.89280000
S 77.12828160 51.85327000 55.90540000
S 78.72000000 49.11165827 55.88450000
S 80.31171840 51.85327000 55.90540000
W 77.13457920 50.01416659 57.45430000
W 75.54632448 52.74825197 57.48280000
W 78.72000000 52.74677942 57.47380000
W 80.30542080 50.01416659 57.45430000
S 75.55766016 49.09611470 59.01850000
S 77.13804288 51.82540066 59.03120000
S 78.72000000 49.09491485 59.01020000
S 80.30195712 51.82540066 59.03120000
S 75.53404416 54.58953693 55.93900000
S 77.12576256 57.31593233 55.96280000
S 78.72000000 54.58790076 55.92970000
S 80.31423744 57.31593233 55.96280000
W 77.13206016 55.47579269 57.50450000
W 75.54191616 58.20055192 57.54290000
W 78.72000000 58.19946115 57.53340000
W 80.30793984 55.47579269 57.50450000
S 75.55356672 54.55299592 59.06460000
S 77.13583872 57.27720977 59.08840000
S 78.72000000 54.55190515 59.05550000
S 80.30416128 57.27720977 59.08840000
S 75.53026560 60.03741924 56.00020000
S 77.12450304 62.75072533 56.01780000
S 78.72000000 60.03632847 55.99060000
S 80.31549696 62.75072533 56.01780000
W 77.13017088 60.91985728 57.56470000
W 75.53908224 63.63752647 57.59400000
W 78.72000000 63.63698109 57.58430000
W 80.30982912 60.91985728 57.56470000
S 75.55010304 60.00251440 59.12580000
S 77.13426432 62.72509209 59.14330000
S 78.72000000 60.00142362 59.11620000
S 80.30573568 62.72509209 59.14330000
S 75.52806144 65.46021370 56.04010000
S 77.12387328 68.16642974 56.03500000
S 78.72000000 65.45966831 56.03040000
S 80.31612672 68.16642974 56.03500000
W 77.12922624 66.35192334 57.59780000
W 80.31077376 66.35192334 57.59780000
S 75.54821376 65.44712438 59.16570000
S 77.13394944 68.17024746 59.16040000
S 78.72000000 65.44712438 59.15590000
S 80.30605056 68.17024746 59.16040000
S 81.81904896 10.73754752 56.81440000
S 83.37676032 13.44392718 56.67910000
W 81.84014592 14.41951752 58.22090000
S 81.85651968 10.86729536 59.93760000
S 83.42462208 13.58354655 59.80210000
S 81.82975488 16.15336101 56.57730000
S 83.39502336 18.88226520 56.44420000
S 84.94171392 16.16415970 56.53830000
S 86.51422464 18.89780876 56.40550000
W 83.40478464 17.13942280 58.08340000
W 81.84644352 19.86074609 57.97990000
W 84.97351680 19.86729075 57.95340000
S 81.85651968 16.30028858 59.70050000
S 83.42493696 19.01893947 59.56800000
S 84.99240960 16.30061581 59.66170000
S 86.56145664 19.02035748 59.52940000
S 81.84329472 21.61029677 56.34360000
S 83.41612032 24.35632614 56.23630000
S 84.96784896 21.62294977 56.32320000
S 86.54697216 24.37274233 56.22030000
W 83.41549056 22.59374069 57.86290000
W 81.85431552 25.32624445 57.77180000
W 84.98926080 25.33398896 57.76300000
W 86.54728704 22.60323045 57.83980000
S 81.85714944 21.74053546 59.46760000
S 83.42714112 24.46840341 59.36090000
S 84.99429888 21.74222616 59.44750000
S 86.56712448 24.47238475 59.34500000
S 81.85777920 27.09733795 56.15110000
S 83.43658752 29.85274800 56.07580000
S 84.99492864 27.10971826 56.14720000
S 86.57908992 29.86807341 56.07810000
W 83.42808576 28.06938327 57.68590000
W 81.86313216 30.80897706 57.61420000
W 85.00657920 30.81710335 57.61900000
W 86.56775424 28.07985472 57.68280000
S 81.85935360 27.19845292 59.27600000
S 83.43280896 29.93439261 59.20100000
S 85.00059648 27.20210702 59.27220000
S 86.57751552 29.94039188 59.20340000
S 81.87100416 32.60095893 56.01120000
S 83.45485056 35.35980493 55.96630000
S 85.02043392 32.61192124 56.01940000
S 86.60868864 35.37316694 55.98170000
W 83.44131072 33.55778792 57.55970000
W 81.87226368 36.30109036 57.50930000
W 85.02389760 36.30888941 57.52310000
W 86.58885120 33.56815029 57.57140000
S 81.86407680 32.66924153 59.13660000
S 83.44131072 35.41123504 59.09180000
S 85.01004288 32.67464087 59.14470000
S 86.58979584 35.41821600 59.10720000
S 81.88233984 38.11057919 55.92310000
S 83.47027968 40.86849803 55.90540000
S 85.04279040 38.11985079 55.93900000
S 86.63450880 40.87962394 55.92970000
W 83.45453568 39.05088291 57.48280000
W 81.88076544 41.79331273 57.45430000
W 85.03995648 41.80013008 57.47380000
W 86.60931840 39.06042720 57.50450000
S 81.87100416 38.14902905 59.04870000
S 83.45107200 40.89064078 59.03120000
S 85.02137856 38.15481017 59.06460000
S 86.60333568 40.89756721 59.05550000
S 81.89178624 43.61769065 55.88450000
S 83.48350464 46.37048284 55.89280000
S 85.06199808 43.62527155 55.90540000
S 86.65655040 46.37959083 55.92310000
W 83.46618624 44.53956026 57.45430000
W 81.88800768 47.27806328 57.44770000
W 85.05444096 47.28368078 57.47120000
W 86.62821120 44.54785016 57.48280000
S 81.87730176 43.62603509 59.01020000
S 83.45957376 46.36404726 59.01850000
S 85.03302912 43.63094359 59.03120000
S 86.61750528 46.37015561 59.04870000
S 81.89997312 49.11367620 55.89280000
S 83.49421056 51.85686956 55.92310000
S 85.07805696 49.11978455 55.91750000
S 86.67418368 51.86406868 55.95750000
W 83.47626240 50.01749346 57.47120000
W 81.89367552 52.74825197 57.48280000
W 85.06640640 52.75283323 57.50930000
W 86.64458496 50.02436535 57.50440000
S 81.88233984 49.09611470 59.01850000
S 83.46650112 51.82785491 59.04870000
S 85.04373504 49.10009604 59.04310000
S 86.62978560 51.83287248 59.08310000
S 81.90595584 54.58953693 55.93900000
S 83.50176768 57.31865927 55.98170000
S 85.09002240 54.59390003 55.96630000
S 86.68709376 57.32411315 56.01940000
W 83.48381952 55.47851963 57.52310000
W 81.89808384 58.20055192 57.54290000
W 85.07459328 58.20382425 57.57140000
W 86.65749504 55.48342812 57.55970000
S 81.88643328 54.55299592 59.06460000
S 83.47216896 57.27993671 59.10720000
S 85.05223680 54.55681364 59.09180000
S 86.63797248 57.28320904 59.14470000
S 81.90973440 60.03741924 56.00020000
S 83.50617600 62.75236149 56.03720000
S 85.09820928 60.04069157 56.02920000
S 86.69465088 62.75508843 56.07710000
W 83.48885760 60.92203883 57.58400000
W 81.90091776 63.63752647 57.59400000
W 85.07963136 63.63916264 57.62360000
W 86.66568192 60.92531116 57.62320000
S 81.88989696 60.00251440 59.12580000
S 83.47563264 62.72618286 59.16280000
S 85.05790464 60.00524134 59.15470000
S 86.64206592 62.72836441 59.20250000
S 81.91193856 65.46021370 56.04010000
S 83.50775040 68.16642974 56.05490000
S 85.10230272 65.46130448 56.07000000
S 86.69748480 68.16697513 56.09560000
W 83.49169152 66.35246873 57.61750000
W 86.66977536 66.35410489 57.65800000
S 81.89178624 65.44712438 59.16570000
S 83.47657728 68.16970207 59.18030000
S 85.06042368 65.44821516 59.19560000
S 86.64395520 68.16970207 59.22090000
S 88.09397760 21.64242013 56.28960000
S 89.67908352 24.39521232 56.19460000
W 88.12546560 25.34631473 57.74640000
S 88.13333760 21.74598934 59.41410000
S 89.70931200 24.47876579 59.31940000
S 88.13176320 27.12902500 56.13810000
S 89.72033280 29.88950717 56.07710000
S 91.26796800 27.15356747 56.12130000
S 92.86000128 29.91541310 56.07000000
W 89.70805248 28.09452566 57.67420000
W 88.15002624 30.82986543 57.62320000
W 91.29347328 30.84617253 57.62360000
S 88.14372864 27.20859714 59.26320000
S 89.72316672 29.94868178 59.20250000
S 91.28843520 27.21699611 59.24660000
S 92.86944768 29.95855331 59.19560000
S 88.16765952 32.62948273 56.02920000
S 89.75906304 35.39231007 56.00020000
S 91.31205120 32.65238904 56.03720000
S 92.90597376 35.41630715 56.01780000
W 89.73544704 33.58254854 57.58400000
W 88.17427200 36.32094248 57.54290000
W 91.32338688 36.33659512 57.56470000
W 92.88109824 33.60011004 57.59400000
S 88.15695360 32.68233085 59.15470000
S 89.73859584 35.42699675 59.12580000
S 91.30449408 32.69182060 59.16280000
S 92.88834048 35.43774090 59.14330000
S 88.20009216 38.13495804 55.96280000
S 89.79432960 40.89609467 55.96280000
S 91.35298560 38.15530102 55.99060000
S 92.94879744 40.91725573 56.00020000
W 89.76221184 39.07378921 57.53340000
W 88.19725824 41.81103784 57.50450000
W 91.35235584 41.82549063 57.54290000
W 92.91321600 39.09047809 57.56470000
S 88.17175296 38.16288191 59.08840000
S 89.75591424 40.90672974 59.08840000
S 91.32275712 38.17280798 59.11620000
S 92.90880768 40.91752842 59.12580000
S 88.22874624 43.63787002 55.93900000
S 89.82487296 46.39322553 55.96630000
S 91.39014144 43.65526790 55.98170000
S 92.98752768 46.41122334 56.01940000
W 89.78740224 44.55990324 57.52310000
W 88.21835520 47.29311599 57.50930000
W 91.37880576 47.30576900 57.55970000
W 92.94344448 44.57484687 57.57140000
S 88.18749696 43.63896079 59.06460000
S 89.77354752 46.37904544 59.09180000
S 91.34164992 43.64905047 59.10720000
S 92.92801536 46.38897150 59.14470000
S 88.25267712 49.12998331 55.95750000
S 89.85006336 51.87492191 56.00800000
S 91.42225920 49.14427248 56.01120000
S 93.01996032 51.88942923 56.07340000
W 89.80975872 50.03445503 57.55260000
W 88.23598848 52.76035958 57.55260000
W 91.40116224 52.77039473 57.61210000
W 92.97020928 50.04705350 57.61420000
S 88.20355584 49.10713154 59.08310000
S 89.78929152 51.83990799 59.13350000
S 91.35959808 49.11602137 59.13660000
S 92.94407424 51.84781612 59.19870000
S 88.27125504 54.60208086 56.01120000
S 89.86832640 57.33174859 56.07580000
S 91.44744960 54.61298862 56.07340000
S 93.04420608 57.34211096 56.15110000
W 89.82707712 55.49106355 57.61420000
W 88.24826880 58.20927814 57.61900000
W 91.41722112 58.21636818 57.68590000
W 92.99130624 55.50033515 57.68630000
S 88.21552128 54.56172213 59.13660000
S 89.79968256 57.28757215 59.20100000
S 91.37345280 54.56772140 59.19870000
S 92.95572480 57.29302603 59.27600000
S 88.28385024 60.04560006 56.07810000
S 89.87966208 62.75945154 56.13810000
S 91.46476800 60.05323550 56.14720000
S 93.05900544 62.76545081 56.22030000
W 89.83841280 60.92967427 57.68280000
W 88.25551104 63.64188958 57.67420000
W 91.42666752 63.64570730 57.74640000
W 93.00547584 60.93567354 57.76300000
S 88.22213376 60.00796828 59.20340000
S 89.80472064 62.73054597 59.26320000
S 91.38195456 60.01178600 59.27220000
S 92.96265216 62.73327291 59.34500000
S 88.29014784 65.46348603 56.12130000
S 89.88375552 68.16752052 56.15820000
S 91.47358464 65.46675836 56.19460000
S 93.06435840 68.16861129 56.24320000
W 89.84408064 66.35574106 57.72040000
W 93.01271808 66.35846800 57.80480000
S 88.22528256 65.44930594 59.24660000
S 89.80723968 68.17079285 59.28320000
S 91.38604800 65.45148749 59.31940000
S 92.96485632 68.17133823 59.36770000
S 94.45423872 32.67922213 56.04010000
S 96.04973568 35.44363109 56.03040000
W 94.47124224 36.35513832 57.58430000
S 94.45329408 32.70300106 59.16570000
S 96.03902976 35.44990306 59.15590000
S 94.50147072 38.17995256 56.01780000
S 96.09822720 40.94234358 56.03720000
S 97.64617728 38.20760374 56.04010000
S 99.24261888 40.97004930 56.07000000
W 96.06201600 39.10951214 57.59400000
W 94.50430464 41.84267035 57.58400000
W 97.65310464 41.86159532 57.62360000
S 94.47439104 38.18447928 59.14330000
S 96.06044160 40.92909065 59.16280000
S 97.62508032 38.19664144 59.16570000
S 99.20987136 40.94038018 59.19560000
S 94.54586880 43.67697435 56.02920000
S 96.14294016 46.43320248 56.07810000
S 97.69498368 43.70228036 56.07710000
S 99.29142528 46.45829034 56.13810000
W 96.09570816 44.59197206 57.62320000
W 94.53484800 47.32071263 57.61900000
W 97.68585216 47.33729243 57.68280000
W 99.24324864 44.61040618 57.67420000
S 94.49485824 43.65968554 59.15470000
S 96.07964928 46.39862487 59.20340000
S 97.64523264 43.67026607 59.20250000
S 99.22844928 46.40806009 59.26320000
S 94.58491392 49.16248844 56.07580000
S 96.18198528 51.90742704 56.15110000
S 97.73969664 49.18430397 56.14720000
S 99.33487872 51.92842449 56.23630000
W 96.12530688 50.06145174 57.68590000
W 94.56035328 52.78250234 57.68630000
W 97.71387648 52.79597343 57.77180000
W 99.27473664 50.07715892 57.76300000
S 94.51249152 49.12491120 59.20100000
S 96.09507840 51.85561517 59.27600000
S 97.66255104 49.13341925 59.27220000
S 99.24324864 51.86270521 59.36090000
S 94.61671680 54.62716871 56.15210000
S 96.21158400 57.35520028 56.24400000
S 97.77685248 54.64407574 56.24400000
S 99.36888576 57.37047115 56.35050000
W 96.14892288 55.51178830 57.77450000
W 94.57956096 58.22454900 57.77180000
W 97.73497344 58.23436599 57.87450000
W 99.29992704 55.52378684 57.87450000
S 94.52634624 54.57481145 59.27700000
S 96.10672896 57.29902530 59.36840000
S 97.67546112 54.58135611 59.36840000
S 99.25238016 57.30338840 59.47440000
S 94.63875840 60.06250710 56.23630000
S 96.23016192 62.77254086 56.32320000
S 97.80330240 60.07341486 56.34360000
S 99.38998272 62.78126707 56.44420000
W 96.16529664 60.94330897 57.86290000
W 94.59152640 63.65061579 57.83980000
W 97.74756864 63.65552428 57.95340000
W 99.31693056 60.95094441 57.97990000
S 94.53610752 60.01614910 59.36090000
S 96.11334144 62.73599985 59.44750000
S 97.68364800 60.01996682 59.46760000
S 99.25678848 62.73872679 59.56800000
S 94.65009408 65.47057607 56.28960000
S 96.23677440 68.16915668 56.35020000
S 97.81684224 65.47493918 56.40550000
S 99.39785472 68.17024746 56.47710000
W 96.17379840 66.36119494 57.91090000
W 99.32543232 66.36392188 58.03680000
S 94.54083072 65.45257827 59.41410000
S 96.11523072 68.17133823 59.47430000
S 97.68711168 65.45421443 59.52940000
S 99.25836288 68.17133823 59.60060000
S 100.83843072 43.72976792 56.12130000
S 102.43266816 46.48512343 56.19460000
W 100.83213312 47.35490847 57.74640000
S 100.79340288 43.68051937 59.24660000
S 102.37536000 46.41700445 59.31940000
S 100.88597760 49.20868282 56.22030000
S 102.47801088 51.95133079 56.32320000
S 104.02407168 49.23420699 56.28960000
S 105.61106688 51.97450979 56.40550000
W 102.41849856 50.09330241 57.83980000
W 100.86110208 52.81015352 57.86290000
W 104.00140032 52.82406092 57.95340000
S 100.80977664 49.14143646 59.34500000
S 102.38795520 51.86859541 59.44750000
S 103.95416832 49.14825381 59.41410000
S 105.52856832 51.87257674 59.52940000
S 100.92659712 54.66316433 56.34360000
S 102.51359232 57.38737818 56.46440000
S 104.06500608 54.68388908 56.44420000
S 105.64570368 57.40373983 56.57730000
W 102.44337408 55.53578538 57.97990000
W 100.88188416 58.24418298 57.98900000
W 104.02092288 58.25345458 58.10780000
W 105.57926400 55.54669315 58.08340000
S 100.82079744 54.58626460 59.46760000
S 102.39393792 57.30611534 59.58790000
S 103.96141056 54.58953693 59.56800000
S 105.53171712 57.30720612 59.70050000
S 100.95556608 60.08595879 56.46440000
S 102.53594880 62.78999328 56.57730000
S 104.09397504 60.09850272 56.59070000
S 105.66680064 62.79871949 56.71140000
W 102.45943296 60.95803445 58.10780000
W 100.89447936 63.66097817 58.08340000
W 104.03225856 63.66588666 58.22090000
W 105.59374848 60.96457911 58.23630000
S 100.82552064 60.02269376 59.58790000
S 102.39519744 62.73981757 59.70050000
S 103.96361472 60.02323915 59.71380000
S 105.53234688 62.73981757 59.83440000
S 100.97068032 65.47930229 56.53830000
S 102.54413568 68.17133823 56.61750000
S 104.10877440 65.48421078 56.67910000
S 105.67435776 68.17188362 56.75970000
W 102.46761984 66.36719421 58.17620000
W 105.60099072 66.36992115 58.31750000
S 100.82709504 65.45530521 59.66170000
S 102.39645696 68.17242901 59.74050000
S 103.96392960 65.45585059 59.80210000
S 66.17234688 -0.00054539 59.88270000
S 107.19207936 54.70352305 56.53830000
S 108.76553472 57.41901069 56.67910000
W 107.15240448 58.26163540 58.22090000
S 107.09950464 54.59117309 59.66170000
S 108.66855168 57.30720612 59.80210000
S 107.21852928 60.11104664 56.71140000
S 108.78316800 62.80580953 56.83300000
S 110.33048832 60.12086363 56.81440000
S 111.88819968 62.81180880 56.92980000
W 108.72113664 60.97003299 58.35300000
W 107.16216576 63.67024976 58.35300000
W 110.28546048 63.67352209 58.46610000
S 107.10044928 60.02378454 59.83440000
S 108.66855168 62.73981757 59.95640000
S 110.23696896 60.02378454 59.93760000
S 111.80444160 62.73927218 60.05390000
S 107.23143936 65.48857388 56.81440000
S 108.78915072 68.17242901 56.88920000
S 110.34056448 65.49239160 56.92980000
S 72.53229312 -0.00054539 56.99230000
W 108.72680448 66.37210270 58.44610000
W 111.84695040 66.37373886 58.54860000
S 107.10044928 65.45585059 59.93760000
S 69.30792192 -0.00054539 60.01280000
S 110.23633920 65.45585059 60.05390000
S 111.80381184 68.17242901 60.11680000
S 113.43992832 65.49457315 57.01400000
S 113.37222912 65.45530521 60.13880000
S 75.58127616 -0.00054539 60.18370000
