W 6.76110000 9.12295000 5.87262000
Se 10.53640000 8.67742000 4.24205000
Se 10.51980000 8.68399000 7.53084000
W 9.77621000 10.41780000 5.87292000
Se 13.54450000 9.98698000 4.25118000
Se 13.53970000 9.98979000 7.54199000
W 12.79250000 11.72470000 5.88990000
Se 16.54390000 11.30000000 4.24205000
Se 16.55780000 11.31100000 7.53084000
W 3.39274000 4.55627000 5.88930000
Se 7.14859000 4.12724000 4.25059000
Se 7.14859000 4.12724000 7.54236000
W 6.39110000 5.86325000 5.89307000
Se 10.15910000 5.43193000 4.24777000
Se 10.16100000 5.43365000 7.53859000
W 9.39807000 7.16539000 5.88930000
Se 13.17310000 6.73639000 4.25118000
Se 13.17310000 6.73085000 7.54199000
W 12.41330000 8.46778000 5.89568000
Se 16.17390000 8.04008000 4.25118000
Se 16.17870000 8.04282000 7.54199000
W 15.42390000 9.77937000 5.89568000
Se 19.17590000 9.33921000 4.23318000
Se 19.17880000 9.35657000 7.51977000
W 18.43120000 11.08810000 5.87292000
Se 7.89840000 10.63510000 4.22023000
Se 7.88789000 10.64460000 7.50364000
W -0.00000000 0.00000000 5.85707000
Se 10.91840000 11.93720000 4.23318000
Se 10.90200000 11.93100000 7.51977000
W 3.01593000 1.29381000 5.87262000
Se 6.77325000 0.86774400 4.24777000
Se 6.77376000 0.86520200 7.53859000
W 6.02391000 2.60323000 5.89307000
Se 9.77817000 2.18125000 4.24099000
Se 9.79527000 2.18305000 7.53002000
W 9.03077000 3.91525000 5.89307000
Se 12.79720000 3.48703000 4.23318000
Se 12.81080000 3.47589000 7.51977000
W 12.04420000 5.21632000 5.88990000
Se 15.81130000 4.78605000 4.24205000
Se 15.81390000 4.76842000 7.53084000
W 15.05440000 6.51630000 5.89568000
Se 4.51346000 6.08205000 4.24777000
Se 4.51100000 6.08288000 7.53859000
W 18.05480000 7.82245000 5.88990000
Se 7.51909000 7.37752000 4.24099000
Se 7.50897000 7.39143000 7.53002000
W 8.65497000 0.66006800 5.88930000
Se 12.40960000 0.22399000 4.22023000
Se 12.42320000 0.22831100 7.50364000
W 11.66880000 1.96497000 5.87262000
Se 1.13776000 1.52268000 4.22023000
Se 1.13474000 1.50881000 7.50364000
W 14.68420000 3.25754000 5.87292000
Se 4.14852000 2.82296000 4.24099000
Se 4.14154000 2.80725000 7.53002000
