B 16.16890000 25.68870000 49.88950000
N 19.05860000 25.56550000 49.89410000
B 18.38930000 26.84710000 49.88960000
N 21.27910000 26.72530000 49.90870000
B 20.60970000 28.00680000 49.90520000
N 23.49870000 27.88830000 49.93380000
B 13.84690000 22.02620000 49.93220000
N 16.73490000 21.90560000 49.92150000
B 16.06390000 23.18640000 49.91230000
N 18.95410000 23.06480000 49.91530000
B 18.28310000 24.34550000 49.90520000
N 21.17430000 24.22460000 49.92230000
B 20.50340000 25.50520000 49.91270000
N 23.39440000 25.38700000 49.94030000
B 22.72380000 26.66740000 49.93280000
N 25.61380000 26.55340000 49.96390000
B 24.94330000 27.83360000 49.95970000
N 27.83210000 27.72470000 49.98680000
B 11.53790000 18.35690000 49.98660000
N 14.42160000 18.24170000 49.97060000
B 13.74840000 19.52190000 49.96380000
N 16.63590000 19.40440000 49.95400000
B 15.96260000 20.68410000 49.94380000
N 18.85330000 20.56500000 49.94430000
B 18.17980000 21.84440000 49.93220000
N 21.07250000 21.72550000 49.94500000
B 20.39910000 23.00460000 49.93270000
N 23.29240000 22.88750000 49.95610000
B 22.61930000 24.16660000 49.94520000
N 25.51190000 24.05300000 49.97390000
B 24.83940000 25.33210000 49.96580000
N 27.73050000 25.22320000 49.99240000
B 27.05860000 26.50220000 49.98830000
N 29.94830000 26.39790000 50.00610000
B 29.27680000 27.67690000 50.00670000
N 32.16540000 27.57600000 50.01140000
B 9.24194000 14.67960000 50.01690000
N 12.12160000 14.56920000 50.00760000
B 11.44720000 15.84940000 50.00780000
N 14.33000000 15.73760000 49.99750000
B 13.65490000 17.01690000 49.99310000
N 16.54190000 16.90310000 49.98470000
B 15.86610000 18.18170000 49.97670000
N 18.75730000 18.06610000 49.97420000
B 18.08090000 19.34400000 49.96390000
N 20.97510000 19.22770000 49.97070000
B 20.29860000 20.50520000 49.95950000
N 23.19420000 20.38980000 49.97610000
B 22.51790000 21.66730000 49.96550000
N 25.41330000 21.55450000 49.98850000
B 24.73770000 22.83210000 49.97990000
N 27.63160000 22.72330000 50.00320000
B 26.95710000 24.00110000 49.99750000
N 29.84880000 23.89660000 50.01430000
B 29.17560000 25.17480000 50.01250000
N 32.06520000 25.07360000 50.01760000
B 31.39320000 26.35210000 50.02000000
N 34.28150000 26.25200000 50.01090000
B 33.61020000 27.53090000 50.01800000
N 36.49820000 27.42930000 49.99440000
B 6.94849000 11.00010000 50.00610000
N 9.82790000 10.88980000 50.00950000
B 9.15419000 12.17040000 50.01740000
N 12.03400000 12.06160000 50.01680000
B 11.35910000 13.34140000 50.02020000
N 14.24160000 13.23270000 50.01560000
B 13.56530000 14.51150000 50.01510000
N 16.45200000 14.40150000 50.00850000
B 15.77430000 15.67920000 50.00470000
N 18.66580000 15.56740000 49.99940000
B 17.98690000 16.84410000 49.99360000
N 20.88230000 16.73100000 49.99350000
B 20.20270000 18.00700000 49.98670000
N 23.10040000 17.89380000 49.99440000
B 22.42080000 19.16950000 49.98760000
N 25.31890000 19.05780000 50.00240000
B 24.63990000 20.33370000 49.99660000
N 27.53660000 20.22500000 50.01400000
B 26.85880000 21.50140000 50.01010000
N 29.75290000 21.39640000 50.02390000
B 29.07690000 22.67350000 50.02250000
N 31.96790000 22.57160000 50.02690000
B 31.29390000 23.84950000 50.02840000
N 34.18240000 23.74900000 50.01990000
B 33.51010000 25.02770000 50.02470000
N 36.39710000 24.92600000 50.00240000
B 35.72620000 26.20540000 50.01060000
N 38.61300000 26.10000000 49.97610000
B 37.94290000 27.38000000 49.98760000
N 40.83050000 27.26970000 49.94500000
B 4.64466000 7.32644000 49.95950000
N 7.52771000 7.21123000 49.97420000
B 6.85614000 8.49254000 49.98670000
N 9.73734000 8.38130000 49.99940000
B 9.06460000 9.66203000 50.00880000
N 11.94560000 9.55402000 50.01630000
B 11.27120000 10.83380000 50.02260000
N 14.15400000 10.72740000 50.02380000
B 13.47770000 12.00590000 50.02730000
N 16.36430000 11.89950000 50.02270000
B 15.68590000 13.17660000 50.02410000
N 18.57720000 13.06870000 50.01630000
B 17.89700000 14.34450000 50.01630000
N 20.79290000 14.23480000 50.00950000
B 20.11130000 15.50970000 50.00880000
N 23.01030000 15.39880000 50.00690000
B 22.32810000 16.67320000 50.00610000
N 25.22830000 16.56260000 50.01090000
B 24.54640000 17.83710000 50.01060000
N 27.44560000 17.72830000 50.01990000
B 26.76470000 19.00330000 50.02070000
N 29.66110000 18.89740000 50.02950000
B 28.98210000 20.17330000 50.03160000
N 31.87470000 20.07020000 50.03410000
B 31.19810000 21.34730000 50.03760000
N 34.08710000 21.24580000 50.02950000
B 33.41280000 22.52400000 50.03460000
N 36.29910000 22.42180000 50.01400000
B 35.62700000 23.70110000 50.02070000
N 38.51210000 23.59590000 49.98850000
B 37.84160000 24.87610000 49.99660000
N 40.72700000 24.76620000 49.95610000
B 40.05750000 26.04700000 49.96550000
N 42.94400000 25.93190000 49.92230000
B 42.27510000 27.21330000 49.93270000
N 45.16310000 27.09370000 49.89410000
B 2.32665000 3.66087000 49.90520000
N 5.21378000 3.54007000 49.92150000
B 4.54426000 4.82194000 49.93220000
N 7.42937000 4.70496000 49.95400000
B 6.75916000 5.98651000 49.96390000
N 9.64254000 5.87415000 49.98470000
B 8.97116000 7.15505000 49.99360000
N 11.85390000 7.04711000 50.00850000
B 11.18080000 8.32700000 50.01630000
N 14.06460000 8.22215000 50.02270000
B 13.38930000 9.50071000 50.02960000
N 16.27600000 9.39695000 50.02720000
B 15.59830000 10.67400000 50.03340000
N 18.48920000 10.56940000 50.02380000
B 17.80920000 11.84500000 50.02960000
N 20.70460000 11.73830000 50.01680000
B 20.02270000 13.01280000 50.02260000
N 22.92190000 12.90400000 50.01130000
B 22.23880000 14.17790000 50.01740000
N 25.13980000 14.06810000 50.01140000
B 24.45640000 15.34190000 50.01800000
N 27.35700000 15.23250000 50.01760000
B 26.67430000 16.50670000 50.02470000
N 29.57240000 16.39920000 50.02690000
B 28.89130000 17.67430000 50.03460000
N 31.78530000 17.56920000 50.03410000
B 31.10640000 18.84560000 50.04210000
N 33.99600000 18.74230000 50.03410000
B 33.31960000 20.02000000 50.04210000
N 36.20540000 19.91680000 50.02390000
B 35.53150000 21.19580000 50.03160000
N 38.41510000 21.09040000 50.00320000
B 37.74340000 22.37060000 50.01010000
N 40.62660000 22.26130000 49.97390000
B 39.95630000 23.54220000 49.97990000
N 42.84060000 23.42800000 49.94030000
B 42.17120000 24.70950000 49.94520000
N 45.05730000 24.59080000 49.90870000
B 44.38850000 25.87260000 49.91270000
N 47.27630000 25.75060000 49.88620000
B 46.60760000 27.03260000 49.88960000
N 16.94460000 26.90880000 49.87810000
B -0.00000000 0.00000000 49.88120000
N 19.16520000 28.06720000 49.88620000
B 2.22050000 1.15836000 49.88950000
N 5.10896000 1.03660000 49.90840000
B 4.44005000 2.31850000 49.91230000
N 7.32713000 2.20036000 49.93890000
B 6.65777000 3.48194000 49.94380000
N 9.54338000 3.36860000 49.97060000
B 8.87316000 4.64959000 49.97670000
N 11.75790000 4.54132000 49.99750000
B 11.08630000 5.82140000 50.00470000
N 13.97130000 5.71723000 50.01560000
B 13.29780000 6.99611000 50.02410000
N 16.18470000 6.89404000 50.02380000
B 15.50890000 8.17153000 50.03340000
N 18.39910000 8.06921000 50.02270000
B 17.72080000 9.34532000 50.03340000
N 20.61510000 9.24091000 50.01560000
B 19.93460000 10.51580000 50.02730000
N 22.83260000 10.40870000 50.00760000
B 22.15040000 11.68280000 50.02020000
N 25.05080000 11.57340000 50.00350000
B 24.36790000 12.84730000 50.01690000
N 27.26860000 12.73700000 50.00610000
B 26.58580000 14.01120000 50.02000000
N 29.48460000 13.90150000 50.01430000
B 28.80280000 15.17650000 50.02840000
N 31.69770000 15.06850000 50.02390000
B 31.01770000 16.34470000 50.03760000
N 33.90780000 16.23860000 50.02950000
B 33.23010000 17.51610000 50.04210000
N 36.11570000 17.41090000 50.02690000
B 35.44020000 18.68980000 50.03760000
N 38.32270000 18.58360000 50.01430000
B 37.64940000 19.86370000 50.02250000
N 40.53060000 19.75480000 49.99240000
B 39.85900000 21.03560000 49.99750000
N 42.74100000 20.92280000 49.96390000
B 42.07060000 22.20410000 49.96580000
N 44.95460000 22.08710000 49.93380000
B 44.28480000 23.36870000 49.93280000
N 14.61920000 23.24810000 49.90840000
B 46.50170000 24.52970000 49.90520000
N 16.83830000 24.40700000 49.89390000
B 6.55331000 0.97864000 49.93220000
N 9.44110000 0.86471700 49.96270000
B 8.77130000 2.14552000 49.96380000
N 11.65800000 2.03685000 49.98880000
B 10.98750000 3.31699000 49.99310000
N 13.87390000 3.21296000 50.00760000
B 13.20200000 4.49219000 50.01510000
N 16.08930000 4.39096000 50.01680000
B 15.41570000 5.66909000 50.02730000
N 18.30520000 5.56816000 50.01630000
B 17.62950000 6.84514000 50.02960000
N 20.52210000 6.74221000 50.00850000
B 19.84430000 8.01818000 50.02410000
N 22.74020000 7.91196000 49.99750000
B 22.06060000 9.18720000 50.01510000
N 24.95900000 9.07772000 49.98880000
B 24.27840000 10.35260000 50.00780000
N 27.17770000 10.24100000 49.98680000
B 26.49660000 11.51600000 50.00670000
N 29.39480000 11.40380000 49.99240000
B 28.71420000 12.67940000 50.01250000
N 31.60930000 12.56800000 50.00320000
B 30.92970000 13.84460000 50.02250000
N 33.82030000 13.73490000 50.01400000
B 33.14240000 15.01260000 50.03160000
N 36.02810000 14.90440000 50.01990000
B 35.35190000 16.18340000 50.03460000
N 38.23370000 16.07560000 50.01760000
B 37.55940000 17.35570000 50.02840000
N 40.43920000 17.24680000 50.00610000
B 39.76620000 18.52750000 50.01250000
N 42.64620000 18.41610000 49.98680000
B 41.97430000 19.69710000 49.98830000
N 12.30430000 19.58230000 49.96270000
B 44.18490000 20.86340000 49.95970000
N 14.51800000 20.74520000 49.93890000
B 10.88550000 0.81365300 49.98660000
N 13.77350000 0.70953200 50.00350000
B 13.10250000 1.98886000 50.00780000
N 15.99030000 1.88792000 50.01130000
B 15.31840000 3.16659000 50.02020000
N 18.20720000 3.06634000 50.00950000
B 17.53410000 4.34427000 50.02260000
N 20.42490000 4.24213000 49.99940000
B 19.75020000 5.51936000 50.01630000
N 22.64360000 5.41361000 49.98470000
B 21.96740000 6.69031000 50.00470000
N 24.86300000 6.58051000 49.97060000
B 24.18570000 7.85693000 49.99310000
N 27.08260000 7.74387000 49.96270000
B 26.40460000 9.02033000 49.98660000
N 29.30120000 8.90552000 49.96390000
B 28.62310000 10.18240000 49.98830000
N 31.51750000 10.06740000 49.97390000
B 30.83990000 11.34500000 49.99750000
N 33.73060000 11.23130000 49.98850000
B 33.05380000 12.50970000 50.01010000
N 35.94000000 12.39790000 50.00240000
B 35.26430000 13.67730000 50.02070000
N 38.14620000 13.56710000 50.01090000
B 37.47160000 14.84730000 50.02470000
N 40.35080000 14.73770000 50.01140000
B 39.67700000 16.01840000 50.02000000
N 10.00370000 15.90790000 50.00350000
B 41.88250000 17.18880000 50.00670000
N 12.21100000 17.07630000 49.98880000
B 15.21820000 0.66397400 50.01690000
N 18.10660000 0.56394400 50.00690000
B 17.43500000 1.84257000 50.01740000
N 20.32430000 1.74079000 49.99350000
B 19.65210000 3.01916000 50.00880000
N 22.54300000 2.91357000 49.97420000
B 21.87000000 4.19173000 49.99360000
N 24.76270000 4.08155000 49.95400000
B 24.08880000 5.35959000 49.97670000
N 26.98290000 5.24531000 49.93890000
B 26.30830000 6.52341000 49.96380000
N 29.20270000 6.40638000 49.93380000
B 28.52780000 7.68473000 49.95970000
N 31.42100000 7.56668000 49.94030000
B 30.74610000 8.84548000 49.96580000
N 33.63660000 8.72804000 49.95610000
B 32.96200000 10.00740000 49.97990000
N 35.84880000 9.89185000 49.97610000
B 35.17450000 11.17190000 49.99660000
N 38.05730000 11.05870000 49.99440000
B 37.38340000 12.33930000 50.01060000
N 7.71110000 12.22810000 50.00690000
B 39.58940000 13.50890000 50.01800000
N 9.91585000 13.39890000 50.01130000
B 19.55140000 0.51750900 50.00610000
N 22.44010000 0.41203100 49.97070000
B 21.76920000 1.69132000 49.98670000
N 24.65920000 1.58091000 49.94430000
B 23.98800000 2.86035000 49.96390000
N 26.87930000 2.74523000 49.92150000
B 26.20770000 4.02483000 49.94380000
N 29.09980000 3.90619000 49.90840000
B 28.42780000 5.18601000 49.93220000
N 31.31960000 5.06555000 49.90870000
B 30.64750000 6.34565000 49.93280000
N 33.53770000 6.22513000 49.92230000
B 32.86550000 7.50559000 49.94520000
N 35.75290000 7.38661000 49.94500000
B 35.08060000 8.66742000 49.96550000
N 5.41278000 8.55114000 49.97070000
B 37.29230000 9.83220000 49.98760000
N 7.62140000 9.71908000 49.99350000
B 23.88480000 0.35917300 49.95950000
N 26.77370000 0.24377000 49.91530000
B 26.10390000 1.52447000 49.93220000
N 28.99390000 1.40498000 49.89390000
B 28.32410000 2.68594000 49.91230000
N 31.21450000 2.56397000 49.88620000
B 30.54450000 3.84515000 49.90520000
N 33.43430000 3.72249000 49.89410000
B 32.76410000 5.00387000 49.91270000
N 3.10028000 4.88230000 49.91530000
B 34.98180000 6.16382000 49.93270000
N 5.31551000 6.04490000 49.94430000
B 28.21830000 0.18450700 49.90520000
N 31.10740000 0.06199110 49.87810000
B 30.43860000 1.34383000 49.88950000
N 0.77599400 1.22008000 49.87810000
B 32.65910000 2.50204000 49.88960000
N 2.99578000 2.37888000 49.89390000
