B 16.16880000 25.68870000 49.88390000
N 19.05870000 25.56560000 49.90050000
B 18.38930000 26.84700000 49.88380000
N 21.27910000 26.72540000 49.91510000
B 20.60980000 28.00660000 49.89920000
N 23.49870000 27.88820000 49.94070000
B 13.84650000 22.02640000 49.92630000
N 16.73510000 21.90580000 49.92910000
B 16.06360000 23.18650000 49.90670000
N 18.95430000 23.06500000 49.92210000
B 18.28300000 24.34540000 49.89930000
N 21.17450000 24.22480000 49.92830000
B 20.50340000 25.50500000 49.90630000
N 23.39460000 25.38700000 49.94600000
B 22.72380000 26.66700000 49.92590000
N 25.61390000 26.55330000 49.97000000
B 24.94340000 27.83300000 49.95280000
N 27.83220000 27.72430000 49.99390000
B 11.53720000 18.35720000 49.98050000
N 14.42160000 18.24210000 49.98080000
B 13.74790000 19.52220000 49.95870000
N 16.63620000 19.40470000 49.96340000
B 15.96230000 20.68420000 49.93870000
N 18.85360000 20.56540000 49.95220000
B 18.17970000 21.84450000 49.92640000
N 21.07290000 21.72580000 49.95140000
B 20.39910000 23.00450000 49.92590000
N 23.29270000 22.88770000 49.96120000
B 22.61940000 24.16630000 49.93730000
N 25.51220000 24.05300000 49.97820000
B 24.83950000 25.33160000 49.95720000
N 27.73070000 25.22290000 49.99690000
B 27.05870000 26.50150000 49.97960000
N 29.94840000 26.39740000 50.01160000
B 29.27690000 27.67610000 49.99880000
N 32.16550000 27.57520000 50.01830000
B 9.24117000 14.67990000 50.01040000
N 12.12120000 14.56960000 50.01970000
B 11.44640000 15.84970000 50.00320000
N 14.32990000 15.73790000 50.01000000
B 13.65430000 17.01730000 49.98930000
N 16.54210000 16.90350000 49.99640000
B 15.86570000 18.18190000 49.97280000
N 18.75770000 18.06650000 49.98410000
B 18.08080000 19.34420000 49.95900000
N 20.97570000 19.22810000 49.97830000
B 20.29860000 20.50530000 49.95300000
N 23.19470000 20.39020000 49.98130000
B 22.51810000 21.66720000 49.95700000
N 25.41370000 21.55470000 49.99200000
B 24.73790000 22.83170000 49.96980000
N 27.63190000 22.72320000 50.00570000
B 26.95730000 24.00050000 49.98650000
N 29.84900000 23.89620000 50.01690000
B 29.17570000 25.17400000 50.00150000
N 32.06530000 25.07290000 50.02110000
B 31.39320000 26.35130000 50.01000000
N 34.28150000 26.25120000 50.01590000
B 33.61030000 27.53020000 50.00940000
N 36.49830000 27.42840000 50.00090000
B 6.94802000 11.00030000 49.99930000
N 9.82723000 10.89010000 50.02130000
B 9.15356000 12.17060000 50.01240000
N 12.03350000 12.06190000 50.03050000
B 11.35850000 13.34170000 50.01700000
N 14.24140000 13.23310000 50.03030000
B 13.56480000 14.51180000 50.01300000
N 16.45220000 14.40190000 50.02260000
B 15.77400000 15.67950000 50.00260000
N 18.66620000 15.56790000 50.01170000
B 17.98680000 16.84440000 49.99020000
N 20.88290000 16.73150000 50.00310000
B 20.20280000 18.00720000 49.98120000
N 23.10110000 17.89430000 50.00090000
B 22.42110000 19.16960000 49.97950000
N 25.31950000 19.05820000 50.00610000
B 24.64020000 20.33360000 49.98600000
N 27.53700000 20.22520000 50.01570000
B 26.85910000 21.50110000 49.99750000
N 29.75320000 21.39630000 50.02470000
B 29.07700000 22.67300000 50.00900000
N 31.96810000 22.57130000 50.02790000
B 31.29390000 23.84890000 50.01520000
N 34.18240000 23.74840000 50.02200000
B 33.51000000 25.02710000 50.01270000
N 36.39710000 24.92530000 50.00610000
B 35.72610000 26.20490000 50.00050000
N 38.61310000 26.09940000 49.98130000
B 37.94290000 27.37970000 49.97950000
N 40.83060000 27.26920000 49.95140000
B 4.64459000 7.32647000 49.95300000
N 7.52712000 7.21140000 49.98410000
B 6.85587000 8.49256000 49.98120000
N 9.73673000 8.38147000 50.01170000
B 9.06417000 9.66206000 50.00500000
N 11.94510000 9.55418000 50.03090000
B 11.27070000 10.83390000 50.02060000
N 14.15380000 10.72760000 50.03970000
B 13.47730000 12.00610000 50.02660000
N 16.36440000 11.89970000 50.03870000
B 15.68570000 13.17680000 50.02370000
N 18.57760000 13.06900000 50.03090000
B 17.89700000 14.34480000 50.01480000
N 20.79350000 14.23520000 50.02130000
B 20.11150000 15.51000000 50.00500000
N 23.01100000 15.39930000 50.01540000
B 22.32850000 16.67350000 49.99930000
N 25.22900000 16.56310000 50.01590000
B 24.54690000 17.83730000 50.00050000
N 27.44610000 17.72860000 50.02200000
B 26.76520000 19.00330000 50.00770000
N 29.66140000 18.89750000 50.02970000
B 28.98240000 20.17310000 50.01670000
N 31.87480000 20.07010000 50.03370000
B 31.19810000 21.34690000 50.02220000
N 34.08700000 21.24540000 50.02970000
B 33.41270000 22.52360000 50.01990000
N 36.29900000 22.42140000 50.01570000
B 35.62680000 23.70080000 50.00770000
N 38.51210000 23.59540000 49.99200000
B 37.84140000 24.87590000 49.98600000
N 40.72700000 24.76580000 49.96120000
B 40.05730000 26.04690000 49.95700000
N 42.94410000 25.93170000 49.92830000
B 42.27490000 27.21330000 49.92590000
N 45.16310000 27.09360000 49.90050000
B 2.32675000 3.66083000 49.89930000
N 5.21350000 3.54014000 49.92910000
B 4.54430000 4.82183000 49.92640000
N 7.42898000 4.70501000 49.96340000
B 6.75907000 5.98632000 49.95900000
N 9.64209000 5.87415000 49.99640000
B 8.97094000 7.15484000 49.99020000
N 11.85350000 7.04706000 50.02260000
B 11.18050000 8.32683000 50.01480000
N 14.06430000 8.22210000 50.03870000
B 13.38910000 9.50065000 50.02960000
N 16.27600000 9.39695000 50.04380000
B 15.59820000 10.67410000 50.03400000
N 18.48950000 10.56950000 50.03970000
B 17.80930000 11.84530000 50.02960000
N 20.70520000 11.73850000 50.03050000
B 20.02300000 13.01320000 50.02060000
N 22.92250000 12.90440000 50.02190000
B 22.23930000 14.17830000 50.01240000
N 25.14040000 14.06850000 50.01830000
B 24.45700000 15.34220000 50.00940000
N 27.35750000 15.23290000 50.02110000
B 26.67490000 16.50700000 50.01270000
N 29.57270000 16.39950000 50.02790000
B 28.89170000 17.67440000 50.01990000
N 31.78530000 17.56940000 50.03370000
B 31.10650000 18.84560000 50.02600000
N 33.99580000 18.74220000 50.03370000
B 33.31950000 20.01990000 50.02600000
N 36.20520000 19.91660000 50.02470000
B 35.53120000 21.19570000 50.01670000
N 38.41490000 21.09020000 50.00570000
B 37.74290000 22.37050000 49.99750000
N 40.62640000 22.26100000 49.97820000
B 39.95590000 23.54220000 49.96980000
N 42.84050000 23.42790000 49.94600000
B 42.17090000 24.70960000 49.93730000
N 45.05730000 24.59070000 49.91510000
B 44.38830000 25.87270000 49.90630000
N 47.27630000 25.75060000 49.89270000
B 46.60750000 27.03260000 49.88380000
N 16.94470000 26.90880000 49.88450000
B -0.00000000 0.00000000 49.87560000
N 19.16520000 28.06720000 49.89270000
B 2.22055000 1.15826000 49.88390000
N 5.10886000 1.03664000 49.91540000
B 4.44012000 2.31829000 49.90670000
N 7.32694000 2.20033000 49.94710000
B 6.65780000 3.48160000 49.93870000
N 9.54311000 3.36846000 49.98080000
B 8.87312000 4.64916000 49.97280000
N 11.75760000 4.54107000 50.01000000
B 11.08620000 5.82096000 50.00260000
N 13.97110000 5.71691000 50.03030000
B 13.29770000 6.99576000 50.02370000
N 16.18470000 6.89374000 50.03970000
B 15.50890000 8.17136000 50.03400000
N 18.39930000 8.06902000 50.03870000
B 17.72100000 9.34538000 50.03400000
N 20.61550000 9.24088000 50.03030000
B 19.93490000 10.51610000 50.02660000
N 22.83310000 10.40880000 50.01970000
B 22.15100000 11.68330000 50.01700000
N 25.05130000 11.57370000 50.01240000
B 24.36860000 12.84780000 50.01040000
N 27.26900000 12.73740000 50.01160000
B 26.58650000 14.01170000 50.01000000
N 29.48480000 13.90190000 50.01690000
B 28.80330000 15.17690000 50.01520000
N 31.69770000 15.06880000 50.02470000
B 31.01800000 16.34490000 50.02220000
N 33.90760000 16.23880000 50.02970000
B 33.23000000 17.51630000 50.02600000
N 36.11520000 17.41090000 50.02790000
B 35.43990000 18.68990000 50.02220000
N 38.32220000 18.58360000 50.01690000
B 37.64880000 19.86380000 50.00900000
N 40.53030000 19.75480000 49.99690000
B 39.85840000 21.03580000 49.98650000
N 42.74080000 20.92280000 49.97000000
B 42.07000000 22.20430000 49.95720000
N 44.95460000 22.08710000 49.94070000
B 44.28440000 23.36880000 49.92590000
N 14.61930000 23.24810000 49.91540000
B 46.50150000 24.52980000 49.89920000
N 16.83840000 24.40710000 49.90070000
B 6.55338000 0.97822500 49.92630000
N 9.44102000 0.86452400 49.97080000
B 8.77135000 2.14495000 49.95870000
N 11.65790000 2.03647000 49.99880000
B 10.98750000 3.31634000 49.98930000
N 13.87380000 3.21244000 50.01970000
B 13.20200000 4.49156000 50.01300000
N 16.08930000 4.39039000 50.03050000
B 15.41580000 5.66863000 50.02660000
N 18.30530000 5.56766000 50.03090000
B 17.62970000 6.84494000 50.02960000
N 20.52230000 6.74188000 50.02260000
B 19.84460000 8.01826000 50.02370000
N 22.74050000 7.91184000 50.01000000
B 22.06120000 9.18752000 50.01300000
N 24.95940000 9.07781000 49.99880000
B 24.27900000 10.35310000 50.00320000
N 27.17800000 10.24120000 49.99390000
B 26.49730000 11.51650000 49.99880000
N 29.39500000 11.40410000 49.99690000
B 28.71480000 12.67990000 50.00150000
N 31.60920000 12.56830000 50.00570000
B 30.93010000 13.84500000 50.00900000
N 33.81990000 13.73520000 50.01570000
B 33.14240000 15.01290000 50.01670000
N 36.02750000 14.90470000 50.02200000
B 35.35170000 16.18370000 50.01990000
N 38.23310000 16.07590000 50.02110000
B 37.55880000 17.35600000 50.01520000
N 40.43860000 17.24700000 50.01160000
B 39.76550000 18.52780000 50.00150000
N 42.64590000 18.41620000 49.99390000
B 41.97360000 19.69740000 49.97960000
N 12.30420000 19.58240000 49.97080000
B 44.18440000 20.86360000 49.95280000
N 14.51810000 20.74540000 49.94710000
B 10.88560000 0.81288800 49.98050000
N 13.77350000 0.70891700 50.01240000
B 13.10250000 1.98805000 50.00320000
N 15.99030000 1.88718000 50.02190000
B 15.31850000 3.16589000 50.01700000
N 18.20730000 3.06560000 50.02130000
B 17.53420000 4.34379000 50.02060000
N 20.42510000 4.24152000 50.01170000
B 19.75050000 5.51919000 50.01480000
N 22.64380000 5.41321000 49.99640000
B 21.96780000 6.69043000 50.00260000
N 24.86330000 6.58034000 49.98080000
B 24.18620000 7.85727000 49.98930000
N 27.08280000 7.74390000 49.97080000
B 26.40520000 9.02078000 49.98050000
N 29.30120000 8.90568000 49.97000000
B 28.62370000 10.18280000 49.97960000
N 31.51740000 10.06770000 49.97820000
B 30.84030000 11.34540000 49.98650000
N 33.73020000 11.23160000 49.99200000
B 33.05400000 12.51010000 49.99750000
N 35.93940000 12.39820000 50.00610000
B 35.26410000 13.67770000 50.00770000
N 38.14550000 13.56740000 50.01590000
B 37.47110000 14.84770000 50.01270000
N 40.35010000 14.73800000 50.01830000
B 39.67630000 16.01870000 50.01000000
N 10.00320000 15.90820000 50.01240000
B 41.88170000 17.18910000 49.99880000
N 12.21070000 17.07660000 49.99880000
B 15.21820000 0.66314200 50.01040000
N 18.10660000 0.56309900 50.01540000
B 17.43520000 1.84191000 50.01240000
N 20.32440000 1.74001000 50.00310000
B 19.65230000 3.01877000 50.00500000
N 22.54320000 2.91298000 49.98410000
B 21.87030000 4.19164000 49.99020000
N 24.76290000 4.08118000 49.96340000
B 24.08910000 5.35976000 49.97280000
N 26.98300000 5.24515000 49.94710000
B 26.30870000 6.52374000 49.95870000
N 29.20270000 6.40639000 49.94070000
B 28.52820000 7.68511000 49.95280000
N 31.42090000 7.56680000 49.94600000
B 30.74650000 8.84585000 49.95720000
N 33.63630000 8.72826000 49.96120000
B 32.96220000 10.00780000 49.96980000
N 35.84820000 9.89213000 49.98130000
B 35.17440000 11.17220000 49.98600000
N 38.05660000 11.05900000 50.00090000
B 37.38300000 12.33960000 50.00050000
N 7.71033000 12.22850000 50.01540000
B 39.58870000 13.50930000 50.00940000
N 9.91520000 13.39930000 50.02190000
B 19.55140000 0.51699900 49.99930000
N 22.44020000 0.41134900 49.97830000
B 21.76930000 1.69108000 49.98120000
N 24.65930000 1.58043000 49.95220000
B 23.98820000 2.86037000 49.95900000
N 26.87940000 2.74496000 49.92910000
B 26.20790000 4.02502000 49.93870000
N 29.09980000 3.90608000 49.91540000
B 28.42810000 5.18628000 49.92630000
N 31.31950000 5.06556000 49.91510000
B 30.64780000 6.34592000 49.92590000
N 33.53740000 6.22524000 49.92830000
B 32.86570000 7.50582000 49.93730000
N 35.75250000 7.38680000 49.95140000
B 35.08070000 8.66763000 49.95700000
N 5.41214000 8.55140000 49.97830000
B 37.29210000 9.83240000 49.97950000
N 7.62068000 9.71938000 50.00310000
B 23.88480000 0.35910200 49.95300000
N 26.77370000 0.24345400 49.92210000
B 26.10400000 1.52456000 49.92640000
N 28.99400000 1.40482000 49.90070000
B 28.32420000 2.68611000 49.90670000
N 31.21450000 2.56392000 49.89270000
B 30.54470000 3.84532000 49.89920000
N 33.43420000 3.72253000 49.90050000
B 32.76430000 5.00399000 49.90630000
N 3.09997000 4.88241000 49.92210000
B 34.98190000 6.16389000 49.92590000
N 5.31504000 6.04505000 49.95220000
B 28.21820000 0.18461200 49.89930000
N 31.10740000 0.06193690 49.88450000
B 30.43860000 1.34392000 49.88390000
N 0.77593900 1.22009000 49.88450000
B 32.65920000 2.50208000 49.88380000
N 2.99563000 2.37894000 49.90070000
