B 14.26870000 24.34550000 53.40080000
N 17.15820000 24.46830000 53.39950000
B 16.38320000 25.68880000 53.41620000
N 19.27160000 25.81190000 53.39930000
B 18.49660000 27.03260000 53.41610000
N 21.38490000 27.15420000 53.38460000
B 12.25220000 20.50570000 53.34720000
N 15.14490000 20.62410000 53.35400000
B 14.37180000 21.84490000 53.37410000
N 17.26140000 21.96560000 53.37170000
B 16.48830000 23.18690000 53.39370000
N 19.37600000 23.30850000 53.37790000
B 18.60280000 24.53000000 53.40070000
N 21.48950000 24.65070000 53.37090000
B 20.71610000 25.87260000 53.39330000
N 23.60290000 25.99050000 53.35290000
B 22.82940000 27.21260000 53.37370000
N 25.71700000 27.32630000 53.32920000
B 10.22130000 16.67430000 53.30120000
N 13.11900000 16.78680000 53.30310000
B 12.34770000 18.00800000 53.32040000
N 15.24140000 18.12320000 53.32180000
B 14.47050000 19.34500000 53.34280000
N 17.36030000 19.46260000 53.33880000
B 16.58970000 20.68500000 53.36270000
N 19.47650000 20.80410000 53.34860000
B 18.70590000 22.02700000 53.37410000
N 21.59100000 22.14580000 53.34780000
B 20.82030000 23.36900000 53.37360000
N 23.70500000 23.48580000 53.33660000
B 22.93380000 24.70930000 53.36130000
N 25.81910000 24.82240000 53.31920000
B 25.04730000 26.04590000 53.34130000
N 27.93390000 26.15440000 53.30120000
B 27.16160000 27.37800000 53.31950000
N 30.04950000 27.48190000 53.28760000
B 8.18102000 12.84860000 53.29060000
N 11.08150000 12.95790000 53.27890000
B 10.31050000 14.17920000 53.29000000
N 13.20880000 14.28900000 53.28310000
B 12.43880000 15.51100000 53.29850000
N 15.33320000 15.62250000 53.29430000
B 14.56430000 16.84550000 53.31350000
N 17.45420000 16.95930000 53.30800000
B 16.68620000 18.18310000 53.33020000
N 19.57220000 18.29870000 53.31870000
B 18.80470000 19.52320000 53.34300000
N 21.68810000 19.63950000 53.32170000
B 20.92060000 20.86440000 53.34700000
N 23.80310000 20.97950000 53.31590000
B 23.03510000 22.20450000 53.34100000
N 25.91810000 22.31670000 53.30360000
B 25.14910000 23.54170000 53.32720000
N 28.03360000 23.64980000 53.29000000
B 27.26350000 24.87450000 53.31070000
N 30.14980000 24.97840000 53.28030000
B 29.37850000 26.20280000 53.29680000
N 32.26630000 26.30370000 53.27810000
B 31.49420000 27.52770000 53.28960000
N 34.38260000 27.62780000 53.28460000
B 6.14507000 9.02122000 53.32050000
N 9.04351000 9.13265000 53.29390000
B 8.27088000 10.35360000 53.29950000
N 11.17010000 10.46220000 53.27800000
B 10.39890000 11.68390000 53.28730000
N 13.29670000 11.79130000 53.27210000
B 12.52730000 13.01400000 53.28480000
N 15.42170000 13.12200000 53.27530000
B 14.65410000 14.34590000 53.29100000
N 17.54390000 14.45570000 53.28430000
B 16.77800000 15.68070000 53.30250000
N 19.66340000 15.79260000 53.29390000
B 18.89840000 17.01860000 53.31400000
N 21.78060000 17.13180000 53.29910000
B 21.01610000 18.35850000 53.32050000
N 23.89670000 18.47150000 53.29690000
B 23.13190000 19.69830000 53.31880000
N 26.01270000 19.80940000 53.28830000
B 25.24690000 21.03600000 53.30980000
N 28.12950000 21.14380000 53.27740000
B 27.36220000 22.36990000 53.29740000
N 30.24710000 22.47390000 53.26970000
B 29.47800000 23.69930000 53.28700000
N 32.36530000 23.80050000 53.26950000
B 31.59450000 25.02500000 53.28300000
N 34.48330000 25.12530000 53.27870000
B 33.71120000 26.34900000 53.28760000
N 36.60040000 26.45090000 53.29690000
B 35.82740000 27.67390000 53.30070000
N 38.71620000 27.77950000 53.32170000
B 4.12312000 5.18634000 53.37410000
N 7.01675000 5.30315000 53.33880000
B 6.24205000 6.52370000 53.34300000
N 9.13775000 6.63615000 53.30800000
B 8.36420000 7.85721000 53.31400000
N 11.26100000 7.96565000 53.28430000
B 10.48920000 9.18756000 53.29230000
N 13.38540000 9.29335000 53.27030000
B 12.61570000 10.51640000 53.28010000
N 15.50930000 10.62150000 53.26630000
B 14.74200000 11.84590000 53.27780000
N 17.63160000 11.95210000 53.27030000
B 16.86640000 13.17790000 53.28330000
N 19.75150000 13.28620000 53.27800000
B 18.98810000 14.51320000 53.29230000
N 21.86950000 14.62340000 53.28410000
B 21.10700000 15.85130000 53.29950000
N 23.98630000 15.96240000 53.28460000
B 23.22400000 17.19050000 53.30070000
N 26.10320000 17.30080000 53.27870000
B 25.34020000 18.52880000 53.29500000
N 28.22110000 18.63670000 53.26910000
B 27.45650000 19.86400000 53.28520000
N 30.34030000 19.96880000 53.26130000
B 29.57370000 21.19510000 53.27630000
N 32.46070000 21.29710000 53.26030000
B 31.69180000 22.52220000 53.27340000
N 34.58130000 22.62320000 53.26910000
B 33.81020000 23.84710000 53.27940000
N 36.70110000 23.94930000 53.28830000
B 35.92830000 25.17210000 53.29500000
N 38.81920000 25.27790000 53.31590000
B 38.04530000 26.49980000 53.31880000
N 40.93530000 26.61040000 53.34780000
B 40.16080000 27.83180000 53.34700000
N 43.04970000 27.94740000 53.37790000
B -0.00000001 -0.00000001 53.42440000
N 2.88918000 0.12362800 53.40730000
B 2.11327000 1.34386000 53.41620000
N 5.00313000 1.46544000 53.38490000
B 4.22743000 2.68587000 53.39370000
N 7.11861000 2.80381000 53.35400000
B 6.34339000 4.02456000 53.36270000
N 9.23619000 4.13785000 53.32180000
B 8.46190000 5.35913000 53.33020000
N 11.35590000 5.46766000 53.29430000
B 10.58310000 6.68976000 53.30250000
N 13.47720000 6.79456000 53.27530000
B 12.70640000 8.01778000 53.28330000
N 15.59880000 8.12075000 53.26630000
B 14.83050000 9.34530000 53.27400000
N 17.71980000 9.44863000 53.26630000
B 16.95400000 10.67460000 53.27400000
N 19.83920000 10.77990000 53.27210000
B 19.07570000 12.00720000 53.28010000
N 21.95710000 12.11500000 53.27890000
B 21.19510000 13.34320000 53.28730000
N 24.07410000 13.45290000 53.28170000
B 23.31270000 14.68160000 53.29060000
N 26.19120000 14.79160000 53.27810000
B 25.42960000 16.02020000 53.28760000
N 28.30950000 16.12890000 53.26950000
B 27.54670000 17.35700000 53.27940000
N 30.42980000 17.46320000 53.26030000
B 29.66510000 18.69020000 53.27040000
N 32.55200000 18.79390000 53.25620000
B 31.78490000 20.01950000 53.26600000
N 34.67530000 20.12180000 53.26130000
B 33.90570000 21.34590000 53.27040000
N 36.79830000 21.44900000 53.27740000
B 36.02650000 22.67170000 53.28520000
N 38.91980000 22.77760000 53.30360000
B 38.14630000 23.99920000 53.30980000
N 41.03890000 24.10970000 53.33660000
B 40.26420000 25.33050000 53.34100000
N 43.15540000 25.44590000 53.37090000
B 42.38000000 26.66630000 53.37360000
N 45.27000000 26.78600000 53.39930000
B 44.49420000 28.00620000 53.40070000
N 47.38340000 28.12890000 53.41550000
B 4.33379000 0.18428300 53.40080000
N 7.22274000 0.30262400 53.35930000
B 6.44783000 1.52386000 53.37410000
N 9.33793000 1.63761000 53.33000000
B 8.56349000 2.85930000 53.34280000
N 11.45470000 2.96799000 53.30310000
B 10.68130000 4.19034000 53.31350000
N 13.57300000 4.29465000 53.28310000
B 12.80100000 5.51789000 53.29100000
N 15.69210000 5.61961000 53.27210000
B 14.92210000 6.84395000 53.27780000
N 17.81100000 6.94542000 53.27030000
B 17.04350000 8.17096000 53.27400000
N 19.92920000 8.27428000 53.27530000
B 19.16390000 9.50098000 53.27780000
N 22.04620000 9.60724000 53.28310000
B 21.28280000 10.83490000 53.28480000
N 24.16260000 10.94390000 53.28840000
B 23.40030000 12.17210000 53.29000000
N 26.27920000 12.28260000 53.28760000
B 25.51720000 13.51100000 53.28960000
N 28.39720000 13.62130000 53.28030000
B 27.63450000 14.84920000 53.28300000
N 30.51740000 14.95780000 53.26970000
B 29.75330000 16.18480000 53.27340000
N 32.64040000 16.29110000 53.26130000
B 31.87420000 17.51670000 53.26600000
N 34.76550000 17.62140000 53.26030000
B 33.99700000 18.84550000 53.26600000
N 36.89150000 18.95000000 53.26970000
B 36.12060000 20.17260000 53.27630000
N 39.01650000 20.27900000 53.29000000
B 38.24380000 21.50040000 53.29740000
N 41.13930000 21.61050000 53.31920000
B 40.36510000 22.83110000 53.32720000
N 43.25900000 22.94570000 53.35290000
B 42.48390000 24.16580000 53.36130000
N 45.37580000 24.28480000 53.38460000
B 44.60020000 25.50480000 53.39330000
N 14.93850000 25.62690000 53.40730000
B 46.71460000 26.84690000 53.41610000
N 17.05190000 26.97080000 53.41550000
B 8.66738000 0.35788100 53.34720000
N 11.55620000 0.46658000 53.30610000
B 10.78270000 1.68938000 53.32040000
N 13.67240000 1.79348000 53.28840000
B 12.89970000 3.01683000 53.29850000
N 15.78930000 3.11793000 53.27890000
B 15.01790000 4.34196000 53.28480000
N 17.90640000 4.44245000 53.27800000
B 17.13670000 5.66728000 53.28010000
N 20.02300000 5.76951000 53.28430000
B 19.25520000 6.99517000 53.28330000
N 22.13890000 7.10067000 53.29430000
B 21.37280000 8.32708000 53.29100000
N 24.25430000 8.43610000 53.30310000
B 23.48950000 9.66304000 53.29850000
N 26.36990000 9.77463000 53.30610000
B 25.60570000 11.00180000 53.30120000
N 28.48670000 11.11430000 53.30120000
B 27.72240000 12.34120000 53.29680000
N 30.60590000 12.45290000 53.29000000
B 29.84080000 13.67910000 53.28700000
N 32.72820000 13.78890000 53.27740000
B 31.96170000 15.01400000 53.27630000
N 34.85360000 15.12180000 53.26910000
B 34.08530000 16.34560000 53.27040000
N 36.98120000 16.45230000 53.26950000
B 36.21090000 17.67470000 53.27340000
N 39.10910000 17.78200000 53.28030000
B 38.33720000 19.00330000 53.28700000
N 41.23540000 19.11310000 53.30120000
B 40.46220000 20.33360000 53.31070000
N 43.35880000 20.44700000 53.32920000
B 42.58470000 21.66710000 53.34130000
N 12.92670000 21.78450000 53.35930000
B 44.70410000 23.00460000 53.37370000
N 15.04350000 23.12530000 53.38490000
B 13.00090000 0.51477800 53.30120000
N 15.88950000 0.61564600 53.28170000
B 15.11720000 1.83953000 53.29000000
N 18.00550000 1.93962000 53.28410000
B 17.23400000 3.16378000 53.28730000
N 20.12110000 3.26558000 53.29390000
B 19.35080000 4.49010000 53.29230000
N 22.23610000 4.59545000 53.30800000
B 21.46690000 5.82035000 53.30250000
N 24.35040000 5.92985000 53.32180000
B 23.58240000 7.15507000 53.31350000
N 26.46480000 7.26808000 53.33000000
B 25.69760000 8.49344000 53.32040000
N 28.58020000 8.60842000 53.32920000
B 27.81320000 9.83367000 53.31950000
N 30.69760000 9.94881000 53.31920000
B 29.93030000 11.17360000 53.31070000
N 32.81810000 11.28740000 53.30360000
B 32.05000000 12.51140000 53.29740000
N 34.94220000 12.62300000 53.28830000
B 34.17300000 13.84600000 53.28520000
N 37.06950000 13.95570000 53.27870000
B 36.29900000 15.17770000 53.27940000
N 39.19850000 15.28640000 53.27810000
B 38.42700000 16.50760000 53.28300000
N 41.32730000 16.61720000 53.28760000
B 40.55500000 17.83780000 53.29680000
N 10.90200000 17.94960000 53.30610000
B 42.68120000 19.17010000 53.31950000
N 13.02520000 19.28520000 53.33000000
B 17.33430000 0.66066100 53.29060000
N 20.22230000 0.76241100 53.29910000
B 19.45010000 1.98600000 53.29950000
N 22.33710000 2.09148000 53.31870000
B 21.56540000 3.31501000 53.31400000
N 24.45100000 3.42511000 53.33880000
B 23.67990000 4.64865000 53.33020000
N 26.56450000 4.76299000 53.35400000
B 25.79400000 5.98655000 53.34280000
N 28.67860000 6.10376000 53.35930000
B 27.90840000 7.32723000 53.34720000
N 30.79410000 7.44548000 53.35290000
B 30.02390000 8.66869000 53.34130000
N 32.91220000 8.78619000 53.33660000
B 32.14170000 10.00890000 53.32720000
N 35.03370000 10.12440000 53.31590000
B 34.26280000 11.34650000 53.30980000
N 37.15890000 11.45940000 53.29690000
B 36.38750000 12.68080000 53.29500000
N 39.28700000 12.79160000 53.28460000
B 38.51530000 14.01250000 53.28760000
N 8.86442000 14.12230000 53.28170000
B 40.64460000 15.34300000 53.28960000
N 10.99300000 15.45350000 53.28840000
B 21.66690000 0.81117300 53.32050000
N 24.55460000 0.92169900 53.34860000
B 23.78130000 2.14392000 53.34300000
N 26.66810000 2.25920000 53.37170000
B 25.89490000 3.48126000 53.36270000
N 28.78130000 3.60012000 53.38490000
B 28.00840000 4.82205000 53.37410000
N 30.89530000 4.94273000 53.38460000
B 30.12250000 6.16450000 53.37370000
N 33.01110000 6.28509000 53.37090000
B 32.23830000 7.50662000 53.36130000
N 35.12960000 7.62549000 53.34780000
B 34.35680000 8.84669000 53.34100000
N 37.25170000 8.96275000 53.32170000
B 36.47880000 10.18360000 53.31880000
N 6.82511000 10.29660000 53.29910000
B 38.60450000 11.51730000 53.30070000
N 8.95299000 11.62780000 53.28410000
B 25.99890000 0.97755800 53.37410000
N 28.88710000 1.09728000 53.39950000
B 28.11230000 2.31812000 53.39370000
N 31.00030000 2.44029000 53.40730000
B 30.22550000 3.66103000 53.40080000
N 33.11440000 3.78376000 53.39930000
B 32.33960000 5.00440000 53.39330000
N 35.23030000 5.12586000 53.37790000
B 34.45570000 6.34639000 53.37360000
N 4.79691000 6.46510000 53.34860000
B 36.57460000 7.68557000 53.34700000
N 6.91874000 7.80066000 53.31870000
B 30.33150000 1.15822000 53.41620000
N 33.22070000 1.28203000 53.41550000
B 32.44480000 2.50219000 53.41610000
N 2.78272000 2.62525000 53.39950000
B 34.55900000 3.84544000 53.40070000
N 4.89849000 3.96604000 53.37170000
